Date,Store ID,Code,Article Number,Name,aisle,Brand,Package Size,Price,Unit,Sale Type
20240520,1302,21394636_EA,21394636,No Name To Go Tumbler - Yellow,Home & Kitchen,No Name,1 ea,5.0,ea,REGULAR
20240520,1302,20140914_EA,20140914,Marinated Quartered Artichoke Hearts,Not Available,No Name,170 ml,2.0,ea,REGULAR
20240520,1302,21464499_EA,21464499,"Paper Straws, 150 Straws",Not Available,No Name,150 ea,3.0,ea,REGULAR
20240520,1302,20141395_EA,20141395,Extra Virgin Olive Oil Club Size,Not Available,No Name,3 l,29.99,ea,REGULAR
20240520,1302,20304672001_EA,20304672001,Large Marshmallows,Not Available,No Name,400 g,2.5,ea,SPECIAL
20240520,1302,20316375005_EA,20316375005,Chocolate Chips Waffles,Frozen,No Name,280 g,2.5,ea,REGULAR
20240520,1302,20314839002_EA,20314839002,Beans with Pork in Tomato Sauce,Not Available,No Name,398 ml,0.99,ea,SPECIAL
20240520,1302,20015818_EA,20015818,Pepperoni,Deli,No Name,500 g,6.0,ea,REGULAR
20240520,1302,21463947_EA,21463947,Apricot Jam with Pectin,Not Available,No Name,500 ml,4.79,ea,REGULAR
20240520,1302,20313108_EA,20313108,Medium Pitted Ripe Olives,Not Available,No Name,398 ml,1.79,ea,REGULAR
20240520,1302,20301246001_EA,20301246001,"Soup Cups, Beef",Not Available,No Name,65 g,0.99,ea,REGULAR
20240520,1302,20618069_EA,20618069,Crushed Red Pepper ,Not Available,No Name,60 g,2.49,ea,REGULAR
20240520,1302,20618069_EA,20618069,Crushed Red Pepper ,Not Available,No Name,60 g,2.49,ea,REGULAR
20240520,1302,20325921006_EA,20325921006,Beans Navy,Not Available,No Name,540 ml,1.49,ea,REGULAR
20240520,1302,20018020_EA,20018020,Pizza Sauce,Not Available,No Name,213 ml,1.0,ea,REGULAR
20240520,1302,20132206_EA,20132206,Margarine Spread,Dairy & Eggs,No Name,454 g,2.79,ea,REGULAR
20240520,1302,20065295_EA,20065295,Buttermilk Pancakes,Frozen,No Name,310 g,2.5,ea,REGULAR
20240520,1302,20103390_EA,20103390,100% Pure Vegetable Oil,Not Available,No Name,3 l,9.99,ea,REGULAR
20240520,1302,20153259_EA,20153259,Pie Shells,Dairy & Eggs,No Name,350 g,3.99,ea,REGULAR
20240520,1302,21291288_EA,21291288,Microwave Butter Flavour Popcorn,"Snacks, Chips & Candy",No Name,247 g,2.49,ea,REGULAR
20240520,1306,20179276_EA,20179276,No.4 Cone Coffee Filters,Not Available,No Name,100 ea,3.49,ea,REGULAR
20240520,1306,20315613010_EA,20315613010,Fusilli Pasta,Not Available,No Name,900 g,2.0,ea,REGULAR
20240520,1306,20963916_EA,20963916,"Bathroom Tissue, 24 Double Rolls",Household Supplies,No Name,1 ea,11.49,ea,REGULAR
20240520,1306,20962493_EA,20962493,Cheese Flavoured Crunchy Snacks,"Snacks, Chips & Candy",No Name,200 g,2.49,ea,REGULAR
20240520,1306,20120683_EA,20120683,Tomato Sauce    ,Not Available,No Name,680 ml,1.79,ea,REGULAR
20240520,1306,21376451_EA,21376451,Peppermint Herbal Tea,Drinks,No Name,36 g,2.99,ea,REGULAR
20240520,1306,20971002_EA,20971002,"2-Ply Hypoallergenic Facial Tissues, 126 Sheets",Household Supplies,No Name,6x1.0 ea,7.0,ea,REGULAR
20240520,1306,21518578_EA,21518578,Paper Cups 20 Pack,Not Available,No Name,20 ea,2.0,ea,REGULAR
20240520,1306,20163323_EA,20163323,Baking Powder,Not Available,No Name,450 g,5.0,ea,SPECIAL
20240520,1306,20742451_EA,20742451,Medium Cheddar Cheese Slices,Dairy & Eggs,No Name,230 g,4.5,ea,REGULAR
20240520,1306,21221009_EA,21221009,Cheddar Flavour Processed Cheese Product Thick Slices,Dairy & Eggs,No Name,400 g,3.99,ea,REGULAR
20240520,1306,20923786_EA,20923786,"Quick 100% Whole Grain Oats, Club Size",Not Available,No Name,2.25 kg,6.49,ea,REGULAR
20240520,1306,20923786_EA,20923786,"Quick 100% Whole Grain Oats, Club Size",Not Available,No Name,2.25 kg,6.49,ea,REGULAR
20240520,1306,21045713_EA,21045713,"Chicken Wings, Medium BBQ",Frozen,No Name,908 g,13.99,ea,REGULAR
20240520,1306,20320979_EA,20320979,Unsweetened Orange Juice from Concentrate,Drinks,No Name,1 l,2.29,ea,REGULAR
20240520,1306,20189849_EA,20189849,"Pepperoni, Sliced",Deli,No Name,500 g,5.0,ea,REGULAR
20240520,1306,20303890002_EA,20303890002,Refried Pinto Beans With Green Chilies,Not Available,No Name,398 ml,3.0,ea,REGULAR
20240520,1306,20774456_EA,20774456,75% Vegetable Oil Margarine Squares,Dairy & Eggs,No Name,1.36 kg,7.79,ea,REGULAR
20240520,1306,20557334_EA,20557334,"All-Purpose Scouring Sponges, 2-Pack",Household Supplies,No Name,1 ea,2.0,ea,REGULAR
20240520,1306,21218696_EA,21218696,Streak-Free Glass Cleaner ,Household Supplies,No Name,765 ml,2.0,ea,REGULAR
20240520,1312,20996039_EA,20996039,"Roasted Peanuts, No Salt",Fruits & Vegetables,No Name,907 g,6.5,ea,REGULAR
20240520,1312,20869951_EA,20869951,Giant Oval Roaster with Handle,Household Supplies,No Name,1 ea,5.0,ea,REGULAR
20240520,1312,20306030_EA,20306030,Original syrup,Not Available,No Name,750 ml,3.29,ea,REGULAR
20240520,1312,20046189_EA,20046189,Dill Pickles,Not Available,No Name,1 l,3.29,ea,REGULAR
20240520,1312,20015284002_EA,20015284002,Vanilla Ice Milk,Frozen,No Name,4 l,5.99,ea,REGULAR
20240520,1312,20685942_EA,20685942,Plain Stirred 0% M.F. Yogurt,Dairy & Eggs,No Name,750 g,3.19,ea,REGULAR
20240520,1312,20160496002_EA,20160496002,Pure Olive Oil,Not Available,No Name,750 ml,11.99,ea,REGULAR
20240520,1312,20552134001_EA,20552134001,Concentrated Berry Punch,Frozen,No Name,283 ml,1.39,ea,REGULAR
20240520,1312,20081753_EA,20081753,Regular Garbage Bags Club Size,Household Supplies,No Name,100 ea,14.99,ea,REGULAR
20240520,1312,21384171_EA,21384171,Paper Dinner Plates Club Size  ,Home & Kitchen,No Name,125 ea,20.5,ea,REGULAR
20240520,1312,21384171_EA,21384171,Paper Dinner Plates Club Size  ,Home & Kitchen,No Name,125 ea,20.5,ea,REGULAR
20240520,1312,20923828_EA,20923828,Quick 100% Whole Grain Oats,Not Available,No Name,1 kg,2.79,ea,REGULAR
20240520,1312,20923942_EA,20923942,One Minute 100% Whole Grain Oats,Not Available,No Name,900 g,2.79,ea,REGULAR
20240520,1312,21289734_EA,21289734,Marble Cheddar Cheese Light,Dairy & Eggs,No Name,400 g,5.99,ea,REGULAR
20240520,1312,20326255_EA,20326255,Dill Pickles With Garlic,Not Available,No Name,1 l,3.29,ea,REGULAR
20240520,1312,21463947_EA,21463947,Apricot Jam with Pectin,Not Available,No Name,500 ml,4.79,ea,REGULAR
20240520,1312,20606356_EA,20606356,Honey Graham Wafers,"Snacks, Chips & Candy",No Name,400 g,4.79,ea,REGULAR
20240520,1312,20038043_EA,20038043,Apple Juice Boxes,Drinks,No Name,10x200.0 ml,3.0,ea,REGULAR
20240520,1312,21393583_EA,21393583,Medium Roast Decaffeinated Coffee Pods,Drinks,No Name,114 g,6.79,ea,REGULAR
20240520,1326,20996039_EA,20996039,"Roasted Peanuts, No Salt",Fruits & Vegetables,No Name,907 g,6.5,ea,REGULAR
20240520,1326,20315613010_EA,20315613010,Fusilli Pasta,Not Available,No Name,900 g,2.0,ea,REGULAR
20240520,1326,20073675_EA,20073675,68% Vegetable Oil Margarine ,Dairy & Eggs,No Name,907 g,4.99,ea,REGULAR
20240520,1326,20046189_EA,20046189,Dill Pickles,Not Available,No Name,1 l,3.29,ea,REGULAR
20240520,1326,20058192_EA,20058192,Chicken Hot Dogs,Meat,No Name,450 g,3.0,ea,REGULAR
20240520,1326,20148493002_EA,20148493002,Sliced White Potatoes,Not Available,No Name,540 ml,1.49,ea,REGULAR
20240520,1326,20567432_EA,20567432,Tomato Juice,Drinks,No Name,1.36 l,3.29,ea,REGULAR
20240520,1326,20671251_EA,20671251,Deep Dish Pie Shells,Dairy & Eggs,No Name,380 g,3.99,ea,REGULAR
20240520,1326,20298374_EA,20298374,Large Zipper Freezer Bags,Household Supplies,No Name,30 ea,5.99,ea,REGULAR
20240520,1326,20170051_EA,20170051,"Latex Rubber Gloves, Large",Household Supplies,No Name,1 ea,2.0,ea,REGULAR
20240520,1326,20142980_EA,20142980,Shredded Nacho Cheese Blend,Dairy & Eggs,No Name,900 g,14.49,ea,REGULAR
20240520,1326,20617739_EA,20617739,Cinnamon Sticks,Not Available,No Name,100 g,2.49,ea,REGULAR
20240520,1326,20617739_EA,20617739,Cinnamon Sticks,Not Available,No Name,100 g,2.49,ea,REGULAR
20240520,1326,20923942_EA,20923942,One Minute 100% Whole Grain Oats,Not Available,No Name,900 g,2.79,ea,REGULAR
20240520,1326,20299886003_EA,20299886003,Garlic Pasta Sauce,Not Available,No Name,680 ml,1.79,ea,REGULAR
20240520,1326,20911282_EA,20911282,Cream Cheese Spread with Herbs & Roasted Garlic,Dairy & Eggs,No Name,340 g,4.69,ea,REGULAR
20240520,1326,20315613004_EA,20315613004,Rotini Pasta,Not Available,No Name,900 g,2.0,ea,REGULAR
20240520,1326,20276318003_EA,20276318003,Lemon Iced Tea,Drinks,No Name,3.78 l,5.49,ea,REGULAR
20240520,1326,20911282_EA,20911282,Cream Cheese Spread with Herbs & Roasted Garlic,Dairy & Eggs,No Name,340 g,4.69,ea,REGULAR
20240520,1326,20148493003_EA,20148493003,Diced White Potatoes,Not Available,No Name,540 ml,1.49,ea,REGULAR
20240520,1335,21394636_EA,21394636,No Name To Go Tumbler - Yellow,Home & Kitchen,No Name,1 ea,5.0,ea,REGULAR
20240520,1335,20338236_EA,20338236,Celebration Trail Mix,"Snacks, Chips & Candy",No Name,1 kg,10.99,ea,REGULAR
20240520,1335,21396264_EA,21396264,Hard Cooler 6L,Home & Kitchen,No Name,1 ea,14.0,ea,SPECIAL
20240520,1335,20052738_EA,20052738,Plum Sauce,Not Available,No Name,750 ml,3.49,ea,REGULAR
20240520,1335,20078092_EA,20078092,Cornbread Hot Dogs,Frozen,No Name,1.5 kg,13.99,ea,REGULAR
20240520,1335,20316375001_EA,20316375001,Original Waffles ,Frozen,No Name,280 g,2.5,ea,REGULAR
20240520,1335,20013437003_EA,20013437003,"Baking Cups, Large Rainbow",Household Supplies,No Name,50 ea,2.0,ea,REGULAR
20240520,1335,21464622_EA,21464622,Multi Surface Disinfecting Cleaner,Household Supplies,No Name,650 ml,2.99,ea,REGULAR
20240520,1335,21302946_EA,21302946,Salt & Vinegar Potato Chips,"Snacks, Chips & Candy",No Name,200 g,1.49,ea,REGULAR
20240520,1335,20618858_EA,20618858,Whipped Dressing,Not Available,No Name,890 ml,3.49,ea,REGULAR
20240520,1335,20303626_EA,20303626,Fudge-Striped Shortbread Cookies,"Snacks, Chips & Candy",No Name,368 g,3.0,ea,SPECIAL
20240520,1335,20307707005_EA,20307707005,Light Ranch Dressing,Not Available,No Name,475 ml,2.49,ea,REGULAR
20240520,1335,20301246001_EA,20301246001,"Soup Cups, Beef",Not Available,No Name,65 g,0.99,ea,REGULAR
20240520,1335,20301246001_EA,20301246001,"Soup Cups, Beef",Not Available,No Name,65 g,0.99,ea,REGULAR
20240520,1335,21409686_EA,21409686,Fruit Cocktail In Water,Not Available,No Name,398 ml,1.99,ea,REGULAR
20240520,1335,20310718_EA,20310718,Coffee Whitener,Dairy & Eggs,No Name,450 g,3.49,ea,SPECIAL
20240520,1335,21397728_EA,21397728,Calorie-Free Sweetener Packets,Not Available,No Name,200 g,2.99,ea,REGULAR
20240520,1335,20104287_EA,20104287,Medium Grain Calrose Rice,Not Available,No Name,2 kg,8.49,ea,REGULAR
20240520,1335,20642581_EA,20642581,Lemon Juice,Drinks,No Name,946 ml,2.29,ea,REGULAR
20240520,1335,21124423_EA,21124423,Regular Triangle Tortilla Chip,"Snacks, Chips & Candy",No Name,2x1.36 kg,10.99,ea,REGULAR
20240520,1335,21219859_EA,21219859,Scented Cat Litter ,Not Available,No Name,10 kg,7.99,ea,REGULAR
20240520,1341,20179276_EA,20179276,No.4 Cone Coffee Filters,Not Available,No Name,100 ea,3.49,ea,REGULAR
20240520,1341,20845425_EA,20845425,Basmati Rice,Not Available,No Name,3.63 kg,11.99,ea,REGULAR
20240520,1341,20685645_EA,20685645,Soup Mix Chicken Noodle,Not Available,No Name,2x83.0 g,1.49,ea,REGULAR
20240520,1341,20426138_EA,20426138,Sliced Blanched Almonds ,Not Available,No Name,400 g,7.99,ea,REGULAR
20240520,1341,20430176_EA,20430176,Artificial Vanilla Extract,Not Available,No Name,125 ml,2.99,ea,REGULAR
20240520,1341,20114154_EA,20114154,Beef Burger 4 Oz,Frozen,No Name,1.36 kg,9.99,ea,SPECIAL
20240520,1341,20911023_EA,20911023,Original Cream Cheese Spread ,Dairy & Eggs,No Name,340 g,4.69,ea,REGULAR
20240520,1341,21178783_EA,21178783,"Chicken Burger, Club Pack",Frozen,No Name,1810 g,10.99,ea,REGULAR
20240520,1341,21348616_EA,21348616,Spicy Barbecue Potato Chips ,"Snacks, Chips & Candy",No Name,200 g,1.49,ea,REGULAR
20240520,1341,20032552001_EA,20032552001,Strawberry Jam With Pectin,Not Available,No Name,500 ml,4.79,ea,REGULAR
20240520,1341,20142980_EA,20142980,Shredded Nacho Cheese Blend,Dairy & Eggs,No Name,900 g,14.49,ea,REGULAR
20240520,1341,20618260_EA,20618260,Ground Sage,Not Available,No Name,80 g,2.49,ea,REGULAR
20240520,1341,20618260_EA,20618260,Ground Sage,Not Available,No Name,80 g,2.49,ea,REGULAR
20240520,1341,20618884_EA,20618884,Pear Halves in Light Syrup,Not Available,No Name,796 ml,3.49,ea,REGULAR
20240520,1341,21376971_EA,21376971,Chicken Concentrate,Not Available,No Name,250 ml,4.99,ea,REGULAR
20240520,1341,21013899_EA,21013899,Chopped Garlic,Not Available,No Name,1 kg,6.99,ea,REGULAR
20240520,1341,20163065001_EA,20163065001,"3-Flavour Mix Cat Food, Chicken, Turkey & Seafood",Pet Supplies,No Name,4 kg,13.49,ea,REGULAR
20240520,1341,21360360_EA,21360360,Condensed Soup Cream Of Celery,Not Available,No Name,284 ml,1.49,ea,REGULAR
20240520,1341,21289765_EA,21289765,Mild Cheddar Cheese,Dairy & Eggs,No Name,400 g,5.99,ea,REGULAR
20240520,1341,21466969_EA,21466969,Apple Cider Vinegar,Not Available,No Name,1 l,1.99,ea,REGULAR
20240520,1346,20996039_EA,20996039,"Roasted Peanuts, No Salt",Fruits & Vegetables,No Name,907 g,6.5,ea,REGULAR
20240520,1346,21546974_EA,21546974,Disinfectant Spray,Household Supplies,No Name,350 g,5.79,ea,REGULAR
20240520,1346,20325561_EA,20325561,Dill Chips Pickles ,Not Available,No Name,1 l,3.29,ea,REGULAR
20240520,1346,21119987_EA,21119987,"Aluminum Foil, 50 ft",Household Supplies,No Name,1 ea,2.99,ea,REGULAR
20240520,1346,21431222_EA,21431222,Whole Wheat Dinner Roll,Bakery,No Name,420 g,2.99,ea,REGULAR
20240520,1346,20315413002_EA,20315413002,Sweet & Salty Almond Chewy Nut Bars,"Snacks, Chips & Candy",No Name,175 g,1.99,ea,REGULAR
20240520,1346,21507048_EA,21507048,"Bleach, Lemon Scent",Household Supplies,No Name,1.27 l,2.49,ea,REGULAR
20240520,1346,21360075_EA,21360075,Chicken Broth Condensed,Not Available,No Name,284 ml,1.49,ea,REGULAR
20240520,1346,20174399_EA,20174399,"2-Ply Hypoallergenic Facial Tissues, 6 Boxes, 200 Sheets Each",Household Supplies,No Name,6x1.0 ea,10.99,ea,REGULAR
20240520,1346,21013432_EA,21013432,Vanilla Ice Cream Sandwiches,Frozen,No Name,24x120.0 ml,10.0,ea,REGULAR
20240520,1346,21013432_EA,21013432,Vanilla Ice Cream Sandwiches,Frozen,No Name,24x120.0 ml,10.0,ea,REGULAR
20240520,1346,21045713_EA,21045713,"Chicken Wings, Medium BBQ",Frozen,No Name,908 g,13.99,ea,REGULAR
20240520,1346,21343191_EA,21343191,Blueberry Bagel,Bakery,No Name,450 g,1.97,ea,SPECIAL
20240520,1346,20430551_EA,20430551,Artificial Vanilla Extract,Not Available,No Name,250 ml,4.79,ea,REGULAR
20240520,1346,20083786_EA,20083786,Charcoal Starter,Home & Kitchen,No Name,1 ea,3.99,ea,SPECIAL
20240520,1346,20870360_EA,20870360,Storage Containers 20cm x 14cm x 5cm,Household Supplies,No Name,1 ea,5.5,ea,REGULAR
20240520,1346,20252539_EA,20252539,Condensed Cream of Chicken Soup,Not Available,No Name,284 ml,1.49,ea,REGULAR
20240520,1346,20012327_EA,20012327,Jumbo Smoked Wieners ,Meat,No Name,675 g,8.0,ea,REGULAR
20240520,1346,20671251_EA,20671251,Deep Dish Pie Shells,Dairy & Eggs,No Name,380 g,3.99,ea,REGULAR
20240520,1352,20870356_EA,20870356,"Pie Pans, Large",Household Supplies,No Name,1 ea,3.0,ea,REGULAR
20240520,1352,20083786_EA,20083786,Charcoal Starter,Home & Kitchen,No Name,1 ea,3.99,ea,SPECIAL
20240520,1352,20552134002_EA,20552134002,Concentrated Fruit Punch,Frozen,No Name,283 ml,1.39,ea,REGULAR
20240520,1352,20552134002_EA,20552134002,Concentrated Fruit Punch,Frozen,No Name,283 ml,1.39,ea,REGULAR
20240520,1356,20047452_EA,20047452,No.2 Cone Coffee Filters,Not Available,No Name,100 ea,3.49,ea,REGULAR
20240520,1356,20872407_EA,20872407,Poultry Pan,Household Supplies,No Name,1 ea,2.0,ea,REGULAR
20240520,1356,20299886002_EA,20299886002,Zesty Pasta Sauce,Not Available,No Name,680 ml,1.79,ea,REGULAR
20240520,1356,21337562_EA,21337562,Dark Chocolate with Almonds Bar,"Snacks, Chips & Candy",No Name,100 g,1.19,ea,REGULAR
20240520,1356,20683943_EA,20683943,Chocolate Hazelnut Spread,Not Available,No Name,725 g,5.0,ea,SPECIAL
20240520,1356,20028559_EA,20028559,Original Party Mix,"Snacks, Chips & Candy",No Name,320 g,2.99,ea,REGULAR
20240520,1356,20911023_EA,20911023,Original Cream Cheese Spread ,Dairy & Eggs,No Name,340 g,4.69,ea,REGULAR
20240520,1356,20127455002_EA,20127455002,Slivered Almonds ,Not Available,No Name,100 g,2.79,ea,REGULAR
20240520,1356,20795391_EA,20795391,Plain Tops Soda Crackers,"Snacks, Chips & Candy",No Name,454 g,3.29,ea,REGULAR
20240520,1356,21289951_EA,21289951,Pineapples pieces,Frozen,No Name,2 kg,14.0,ea,REGULAR
20240520,1356,20148493001_EA,20148493001,Whole White Potatoes,Not Available,No Name,540 ml,1.49,ea,REGULAR
20240520,1356,20617736_EA,20617736,Onion Powder,Not Available,No Name,150 g,2.49,ea,REGULAR
20240520,1356,20161597_EA,20161597,Capers,Not Available,No Name,100 ml,2.5,ea,REGULAR
20240520,1356,20161597_EA,20161597,Capers,Not Available,No Name,100 ml,2.5,ea,REGULAR
20240520,1356,20618573_EA,20618573,Ground Mustard,Not Available,No Name,100 g,2.49,ea,REGULAR
20240520,1356,20683943_EA,20683943,Chocolate Hazelnut Spread,Not Available,No Name,725 g,5.0,ea,SPECIAL
20240520,1356,20309304_EA,20309304,Sour Pickled Onions,Not Available,No Name,375 ml,3.0,ea,REGULAR
20240520,1356,21463947_EA,21463947,Apricot Jam with Pectin,Not Available,No Name,500 ml,4.79,ea,REGULAR
20240520,1356,20154364_EA,20154364,Long Grain Parboiled Rice,Not Available,No Name,2 kg,5.49,ea,REGULAR
20240520,1356,20867064_EA,20867064,Pot Pie Pans with Lids,Household Supplies,No Name,1 ea,4.0,ea,REGULAR
20240520,1356,20323024_EA,20323024,Fudge-Covered Graham Cookies,"Snacks, Chips & Candy",No Name,350 g,3.0,ea,SPECIAL
20240520,1370,20303325_EA,20303325,Whole Wheat Flour,Not Available,No Name,2.5 kg,3.79,ea,REGULAR
20240520,1370,21529762_EA,21529762,Fresh Scent Dirt Release Detergent Club Size,Household Supplies,No Name,6 l,14.99,ea,REGULAR
20240520,1370,20097482003_EA,20097482003,Citrus Pepper Flaked Light Tuna,Not Available,No Name,85 g,1.29,ea,REGULAR
20240520,1370,21375912_EA,21375912,Multi-Purpose Stain Remover ,Household Supplies,No Name,651 ml,3.99,ea,REGULAR
20240520,1370,20768660_EA,20768660,100% Pure Vegetable Oil,Not Available,No Name,946 ml,4.99,ea,REGULAR
20240520,1370,21393583_EA,21393583,Medium Roast Decaffeinated Coffee Pods,Drinks,No Name,114 g,6.79,ea,REGULAR
20240520,1370,21417123_EA,21417123,Large Kitchen Garbage Bags,Household Supplies,No Name,40 ea,5.49,ea,REGULAR
20240520,1370,20689486_EA,20689486,Fragrance-Free Dryer Sheets,Household Supplies,No Name,80 ea,3.99,ea,REGULAR
20240520,1370,20689486_EA,20689486,Fragrance-Free Dryer Sheets,Household Supplies,No Name,80 ea,3.99,ea,REGULAR
20240520,1370,20618039_EA,20618039,Ground Thyme,Not Available,No Name,80 g,2.49,ea,REGULAR
20240520,1370,21119993_EA,21119993,Aluminum Foil Heavy-Duty 25',Household Supplies,No Name,1 ea,4.79,ea,REGULAR
20240520,1370,20078625_EA,20078625,"Jumbo Paper Towels, 6 Rolls",Household Supplies,No Name,6 ea,5.99,ea,REGULAR
20240520,1370,20299886003_EA,20299886003,Garlic Pasta Sauce,Not Available,No Name,680 ml,1.79,ea,REGULAR
20240520,1370,20801166_EA,20801166,French Onion Sour Cream Dip ,Dairy & Eggs,No Name,250 g,3.19,ea,REGULAR
20240520,1370,21393587_EA,21393587,Medium Roast Coffee Pods,Drinks,No Name,114 g,6.79,ea,REGULAR
20240520,1370,21297831_EA,21297831,Everything Bagels,Bakery,No Name,510 g,1.97,ea,SPECIAL
20240520,1370,20323762003_EA,20323762003,"Potato & Bacon Flavour Perogies, Club Size",Frozen,No Name,2 kg,4.99,ea,REGULAR
20240520,1376,20052038_EA,20052038,Pasteurized Instant Skim Milk Powder,Drinks,No Name,2.5 kg,25.49,ea,REGULAR
20240520,1376,20322677_EA,20322677,Cheese Flavoured Twists,"Snacks, Chips & Candy",No Name,200 g,2.49,ea,REGULAR
20240520,1376,20149018_EA,20149018,Round Container 745ml,Home & Kitchen,No Name,1 ea,5.0,ea,REGULAR
20240520,1376,21030561_EA,21030561,Pepperoni Pizzas,Frozen,No Name,1660 g,12.99,ea,REGULAR
20240520,1376,20685773003_EA,20685773003,Vanilla Stirred 0% M.F. Yogurt,Dairy & Eggs,No Name,650 g,3.19,ea,REGULAR
20240520,1376,20161597_EA,20161597,Capers,Not Available,No Name,100 ml,2.5,ea,REGULAR
20240520,1376,20161597_EA,20161597,Capers,Not Available,No Name,100 ml,2.5,ea,REGULAR
20240520,1376,20617756_EA,20617756,Sesame Seeds,Not Available,No Name,150 g,2.49,ea,REGULAR
20240520,1376,21302802_EA,21302802,All Dressed Potato Chips,"Snacks, Chips & Candy",No Name,200 g,1.49,ea,REGULAR
20240520,1376,21379698_EA,21379698,Unsweetened Apple Sauce,Not Available,No Name,620 ml,3.0,ea,REGULAR
20240520,1376,20647008_EA,20647008,Pitted Prunes,Not Available,No Name,750 g,11.99,ea,REGULAR
20240520,1376,20647362_EA,20647362,Pitted Prunes,Not Available,No Name,375 g,6.79,ea,REGULAR
20240520,1376,20648023_EA,20648023,Golden Seedless Raisins,Not Available,No Name,750 g,7.99,ea,REGULAR
20240520,1376,21546974_EA,21546974,Disinfectant Spray,Household Supplies,No Name,350 g,5.79,ea,REGULAR
20240520,1376,20031869_EA,20031869,"All-Purpose Reusable Cloths, 40 Sheets",Household Supplies,No Name,1 ea,6.99,ea,REGULAR
20240520,1386,20179276_EA,20179276,No.4 Cone Coffee Filters,Not Available,No Name,100 ea,3.49,ea,REGULAR
20240520,1386,21448475_EA,21448475,Fully Cooked Real Bacon Bits,Not Available,No Name,567 g,17.49,ea,REGULAR
20240520,1386,20320439005_EA,20320439005,Peach Drink,Drinks,No Name,2 l,2.0,ea,REGULAR
20240520,1386,21033164_EA,21033164,Blueberries,Frozen,No Name,2 kg,14.0,ea,REGULAR
20240520,1386,20041626_EA,20041626,Whole Artichoke Hearts,Not Available,No Name,398 ml,3.29,ea,REGULAR
20240520,1386,20162036_EA,20162036,Yellow Mustard,Not Available,No Name,400 ml,1.29,ea,REGULAR
20240520,1386,20572093001_EA,20572093001,"Wafers, Cocoa","Snacks, Chips & Candy",No Name,175 g,1.79,ea,REGULAR
20240520,1386,20293477_EA,20293477,Roasted Peanuts In Shell,Fruits & Vegetables,No Name,2 kg,10.0,ea,SPECIAL
20240520,1386,21289706_EA,21289706,Light Part Skim Mozzarella Cheese,Dairy & Eggs,No Name,400 g,5.99,ea,REGULAR
20240520,1386,21540283_EA,21540283,Detergent Dirt Release Cold Water,Household Supplies,No Name,4.43 l,9.99,ea,REGULAR
20240520,1386,21013432_EA,21013432,Vanilla Ice Cream Sandwiches,Frozen,No Name,24x120.0 ml,10.0,ea,REGULAR
20240520,1386,20617739_EA,20617739,Cinnamon Sticks,Not Available,No Name,100 g,2.49,ea,REGULAR
20240520,1386,20617739_EA,20617739,Cinnamon Sticks,Not Available,No Name,100 g,2.49,ea,REGULAR
20240520,1386,20618571_EA,20618571,Dehydrated Minced Onion,Not Available,No Name,105 g,2.49,ea,REGULAR
20240520,1386,20601347_EA,20601347,Whole Plum Tomatoes,Not Available,No Name,796 ml,1.79,ea,REGULAR
20240520,1386,20057497_EA,20057497,Instant Coffee Club Size,Drinks,No Name,340 g,8.79,ea,REGULAR
20240520,1386,21379757_EA,21379757,Sweetened Apple Sauce,Not Available,No Name,620 ml,3.0,ea,REGULAR
20240520,1386,20997492_EA,20997492,Napkins 1 Ply,Household Supplies,No Name,1 ea,4.29,ea,REGULAR
20240520,1386,20303890002_EA,20303890002,Refried Pinto Beans With Green Chilies,Not Available,No Name,398 ml,3.0,ea,REGULAR
20240520,1386,21509159_EA,21509159,Cracked Wheat Bread,Bakery,No Name,675 g,1.97,ea,REGULAR
20240520,1394,20996039_EA,20996039,"Roasted Peanuts, No Salt",Fruits & Vegetables,No Name,907 g,6.5,ea,REGULAR
20240520,1394,20552134003_EA,20552134003,Concentrated Grape Punch,Frozen,No Name,283 ml,1.39,ea,REGULAR
20240520,1394,20712862_EA,20712862,Regular Rippled Potato Chips,"Snacks, Chips & Candy",No Name,750 g,4.79,ea,REGULAR
20240520,1394,20946414_EA,20946414,Regular Potato Crisps,"Snacks, Chips & Candy",No Name,150 g,1.69,ea,REGULAR
20240520,1394,20189239_EA,20189239,Square Container 930ml,Home & Kitchen,No Name,6 ea,5.0,ea,REGULAR
20240520,1394,21518578_EA,21518578,Paper Cups 20 Pack,Not Available,No Name,20 ea,2.0,ea,REGULAR
20240520,1394,20174399_EA,20174399,"2-Ply Hypoallergenic Facial Tissues, 6 Boxes, 200 Sheets Each",Household Supplies,No Name,6x1.0 ea,10.99,ea,REGULAR
20240520,1394,20426138_EA,20426138,Sliced Blanched Almonds ,Not Available,No Name,400 g,7.99,ea,REGULAR
20240520,1394,20162802_EA,20162802,Square Container 600ml,Home & Kitchen,No Name,7 ea,5.0,ea,REGULAR
20240520,1394,21013432_EA,21013432,Vanilla Ice Cream Sandwiches,Frozen,No Name,24x120.0 ml,10.0,ea,REGULAR
20240520,1394,21013432_EA,21013432,Vanilla Ice Cream Sandwiches,Frozen,No Name,24x120.0 ml,10.0,ea,REGULAR
20240520,1394,20618772_EA,20618772,Curry Powder,Not Available,No Name,125 g,2.49,ea,REGULAR
20240520,1394,20923994_EA,20923994,100% Whole Grain Large Flake Oats,Not Available,No Name,1 kg,2.79,ea,REGULAR
20240520,1394,20159354_EA,20159354,Fully Cooked Real Bacon Bits,Not Available,No Name,85 g,4.99,ea,REGULAR
20240520,1394,20320439005_EA,20320439005,Peach Drink,Drinks,No Name,2 l,2.0,ea,REGULAR
20240520,1394,20774456_EA,20774456,75% Vegetable Oil Margarine Squares,Dairy & Eggs,No Name,1.36 kg,7.79,ea,REGULAR
20240520,1394,20503449_EA,20503449,"Vegetable & Beef Cantonese Style Egg Rolls, 22 Pieces",Frozen,No Name,1 ea,12.99,ea,REGULAR
20240520,1394,21450545_EA,21450545,Dark Roast Peanut Butter ,Not Available,No Name,1 kg,4.79,ea,REGULAR
20240520,1394,20647361_EA,20647361,Currants,Not Available,No Name,375 g,4.99,ea,REGULAR
20240520,1399,20047452_EA,20047452,No.2 Cone Coffee Filters,Not Available,No Name,100 ea,3.49,ea,REGULAR
20240520,1399,20099795_EA,20099795,Meat Lasagna,Frozen,No Name,2.27 kg,12.0,ea,REGULAR
20240520,1399,20316133_EA,20316133,Caramel Coconut Cookies,"Snacks, Chips & Candy",No Name,198 g,3.0,ea,SPECIAL
20240520,1399,20636824_EA,20636824,Meat Lasagna,Frozen,No Name,1 kg,6.79,ea,REGULAR
20240520,1399,20683943_EA,20683943,Chocolate Hazelnut Spread,Not Available,No Name,725 g,5.0,ea,SPECIAL
20240520,1399,21358883_EA,21358883,Oxi-Burst Stain Remover,Household Supplies,No Name,1.36 kg,6.99,ea,REGULAR
20240520,1399,21302823_EA,21302823,Regular Potato Chips ,"Snacks, Chips & Candy",No Name,200 g,1.49,ea,REGULAR
20240520,1399,20552134002_EA,20552134002,Concentrated Fruit Punch,Frozen,No Name,283 ml,1.39,ea,REGULAR
20240520,1399,20166921_EA,20166921,Calorie-Free Sweetener Packets,Not Available,No Name,160 g,3.99,ea,REGULAR
20240520,1399,20176087_EA,20176087,Salami Chub,Deli,No Name,500 g,6.0,ea,REGULAR
20240520,1399,20183991001_EA,20183991001,1% M.F. Light Cottage Cheese,Dairy & Eggs,No Name,500 g,3.99,ea,REGULAR
20240520,1399,20618040_EA,20618040,Garlic Salt,Not Available,No Name,250 g,2.49,ea,REGULAR
20240520,1399,20618040_EA,20618040,Garlic Salt,Not Available,No Name,250 g,2.49,ea,REGULAR
20240520,1399,21045713_EA,21045713,"Chicken Wings, Medium BBQ",Frozen,No Name,908 g,13.99,ea,REGULAR
20240520,1399,20307131001_EA,20307131001,Sweetened Shredded Coconut,Not Available,No Name,200 g,2.29,ea,REGULAR
20240520,1399,21047871_EA,21047871,Cream Cheese Product With Strawberries,Dairy & Eggs,No Name,227 g,3.0,ea,REGULAR
20240520,1399,20303890002_EA,20303890002,Refried Pinto Beans With Green Chilies,Not Available,No Name,398 ml,3.0,ea,REGULAR
20240520,1399,20774456_EA,20774456,75% Vegetable Oil Margarine Squares,Dairy & Eggs,No Name,1.36 kg,7.79,ea,REGULAR
20240520,1399,21013106_EA,21013106,Chocolatey Chip Ice Cream Sandwiches,Frozen,No Name,24x120.0 ml,10.0,ea,REGULAR
20240520,1399,21348616_EA,21348616,Spicy Barbecue Potato Chips ,"Snacks, Chips & Candy",No Name,200 g,1.49,ea,REGULAR
20240520,2706,20996039_EA,20996039,"Roasted Peanuts, No Salt",Fruits & Vegetables,No Name,907 g,7.0,ea,REGULAR
20240520,2706,21463947_EA,21463947,Apricot Jam with Pectin,Not Available,No Name,500 ml,4.79,ea,REGULAR
20240520,2706,20217879_EA,20217879,Strawberry Jam with Pectin,Not Available,No Name,1 l,7.99,ea,REGULAR
20240520,2706,20870566_EA,20870566,Deep Storage Containers with Folded Lids,Household Supplies,No Name,3 ea,5.5,ea,REGULAR
20240520,2706,20318062002_EA,20318062002,Barbecue Blanched Peanuts,"Snacks, Chips & Candy",No Name,500 g,3.99,ea,REGULAR
20240520,2706,20997492_EA,20997492,Napkins 1 Ply,Household Supplies,No Name,1 ea,4.29,ea,REGULAR
20240520,2706,20793444002_EA,20793444002,Ice Milk Neapolitan Club Size,Frozen,No Name,4 l,5.99,ea,REGULAR
20240520,2706,20997492_EA,20997492,Napkins 1 Ply,Household Supplies,No Name,1 ea,4.29,ea,REGULAR
20240520,2706,21221009_EA,21221009,Cheddar Flavour Processed Cheese Product Thick Slices,Dairy & Eggs,No Name,400 g,3.49,ea,REGULAR
20240520,2706,20795392_EA,20795392,Salted Tops Soda Crackers,"Snacks, Chips & Candy",No Name,454 g,3.29,ea,REGULAR
20240520,2706,20795392_EA,20795392,Salted Tops Soda Crackers,"Snacks, Chips & Candy",No Name,454 g,3.29,ea,REGULAR
20240520,2706,21045713_EA,21045713,"Chicken Wings, Medium BBQ",Frozen,No Name,908 g,12.99,ea,REGULAR
20240520,2706,20675685_EA,20675685,Peach Slices in Fruit Juice From Concentrate,Not Available,No Name,540 ml,3.79,ea,REGULAR
20240520,2706,20127455002_EA,20127455002,Slivered Almonds ,Not Available,No Name,100 g,3.29,ea,REGULAR
20240520,2706,20078866_EA,20078866,Black Peppercorns,Not Available,No Name,575 g,16.99,ea,REGULAR
20240520,2706,21119987_EA,21119987,"Aluminum Foil, 50 ft",Household Supplies,No Name,1 ea,2.99,ea,REGULAR
20240520,2706,21301584_EA,21301584,Raspberry Turnover,"Snacks, Chips & Candy",No Name,300 g,3.49,ea,REGULAR
20240520,2706,20557334_EA,20557334,"All-Purpose Scouring Sponges, 2-Pack",Household Supplies,No Name,1 ea,2.0,ea,REGULAR
20240520,2706,20185642_EA,20185642,California Blend Veggies,Frozen,No Name,2 kg,5.99,ea,REGULAR
20240520,2707,21081425_EA,21081425,Beef Rawhide Bones Dog Treats,Pet Supplies,No Name,1 ea,4.79,ea,REGULAR
20240520,2707,20010471_EA,20010471,Red Wine Vinegar,Not Available,No Name,500 ml,1.69,ea,REGULAR
20240520,2707,20023746003_EA,20023746003,Scented Scoopable Clumping Cat Litter,Not Available,No Name,7 kg,8.99,ea,REGULAR
20240520,2707,21545101_EA,21545101,"Naturally Imperfect Pineapple, Banana, and Mango Fruit Blend",Frozen,No Name,400 g,3.0,ea,REGULAR
20240520,2707,21406001_EA,21406001,"Food Containers, 50-pack",Household Supplies,No Name,50 ea,11.5,ea,REGULAR
20240520,2707,20129324_EA,20129324,Pure 100% Canadian Liquid Honey,Not Available,No Name,500 g,5.99,ea,REGULAR
20240520,2707,20180368002_EA,20180368002,Blueberry Waffles,Frozen,No Name,560 g,4.99,ea,REGULAR
20240520,2707,20298902_EA,20298902,Three Fruit Marmalade With Pectin,Not Available,No Name,500 ml,4.79,ea,REGULAR
20240520,2707,20521654_EA,20521654,Mandarin Oranges in Light Syrup,"Snacks, Chips & Candy",No Name,4x107.0 ml,2.29,ea,REGULAR
20240520,2707,20161597_EA,20161597,Capers,Not Available,No Name,100 ml,2.5,ea,REGULAR
20240520,2707,20161597_EA,20161597,Capers,Not Available,No Name,100 ml,2.5,ea,REGULAR
20240520,2707,20618033_EA,20618033,Ground Cumin,Not Available,No Name,97 g,2.49,ea,REGULAR
20240520,2707,20323261_EA,20323261,Oven-ready Lasagna Pasta,Not Available,No Name,375 g,2.49,ea,REGULAR
20240520,2707,20022248_EA,20022248,All-Purpose Flour,Not Available,No Name,10 kg,11.99,ea,REGULAR
20240520,2707,21386780_EA,21386780,Fresh Scent Disinfectant Wipes,Household Supplies,No Name,75 ea,3.79,ea,REGULAR
20240520,2707,20870566_EA,20870566,Deep Storage Containers with Folded Lids,Household Supplies,No Name,3 ea,5.5,ea,REGULAR
20240520,2707,20316212001_EA,20316212001,Smooth Peanut Butter,Not Available,No Name,500 g,3.0,ea,SPECIAL
20240520,2707,20557334_EA,20557334,"All-Purpose Scouring Sponges, 2-Pack",Household Supplies,No Name,1 ea,2.0,ea,REGULAR
20240520,2707,20648023_EA,20648023,Golden Seedless Raisins,Not Available,No Name,750 g,7.99,ea,REGULAR
20240520,2708,21184786_EA,21184786,Reusable Bin with Straps,Home & Kitchen,No Name,1 ea,5.0,ea,REGULAR
20240520,2708,21184786_EA,21184786,Reusable Bin with Straps,Home & Kitchen,No Name,1 ea,5.0,ea,REGULAR
20240520,2712,20179276_EA,20179276,No.4 Cone Coffee Filters,Not Available,No Name,100 ea,3.49,ea,REGULAR
20240520,2712,20312337002_EA,20312337002,Beef Bouillon Concentrate,Not Available,No Name,500 ml,7.49,ea,REGULAR
20240520,2712,20115887_EA,20115887,Extra Large Whole Ripe Olives,Not Available,No Name,398 ml,1.79,ea,REGULAR
20240520,2712,20005589_EA,20005589,Hot Chocolate Mix ,Drinks,No Name,1.8 kg,14.49,ea,REGULAR
20240520,2712,21316059_EA,21316059,Crunchy Onion Flavoured Rings ,"Snacks, Chips & Candy",No Name,200 g,2.29,ea,REGULAR
20240520,2712,20911023_EA,20911023,Original Cream Cheese Spread ,Dairy & Eggs,No Name,340 g,4.69,ea,REGULAR
20240520,2712,20618858_EA,20618858,Whipped Dressing,Not Available,No Name,890 ml,3.49,ea,REGULAR
20240520,2712,20161597_EA,20161597,Capers,Not Available,No Name,100 ml,2.5,ea,REGULAR
20240520,2712,20177815_EA,20177815,Basket Coffee Filters,Not Available,No Name,100 ea,3.49,ea,REGULAR
20240520,2712,20301246003_EA,20301246003,Shrimp Flavour Instant Noodle Soup,Not Available,No Name,65 g,0.99,ea,REGULAR
20240520,2712,21013432_EA,21013432,Vanilla Ice Cream Sandwiches,Frozen,No Name,24x120.0 ml,10.0,ea,REGULAR
20240520,2712,20618772_EA,20618772,Curry Powder,Not Available,No Name,125 g,2.49,ea,REGULAR
20240520,2712,20618772_EA,20618772,Curry Powder,Not Available,No Name,125 g,2.49,ea,REGULAR
20240520,2712,20671325_EA,20671325,Fruit Salad in Fruit Juice from Concentrate,Not Available,No Name,540 ml,3.79,ea,REGULAR
20240520,2712,21376971_EA,21376971,Chicken Concentrate,Not Available,No Name,250 ml,4.49,ea,REGULAR
20240520,2712,20054575_EA,20054575,Elbow Macaroni Pasta,Not Available,No Name,2 kg,4.49,ea,REGULAR
20240520,2712,20870360_EA,20870360,Storage Containers 20cm x 14cm x 5cm,Household Supplies,No Name,1 ea,5.5,ea,REGULAR
20240520,2712,20174632_EA,20174632,Whole Kernel Corn,Frozen,No Name,2 kg,5.99,ea,REGULAR
20240520,2712,21033168_EA,21033168,Whole Strawberries,Frozen,No Name,2 kg,14.0,ea,REGULAR
20240520,2712,21309894_EA,21309894,Lemon Fresh Dishwashing Liquid ,Household Supplies,No Name,800 ml,2.29,ea,REGULAR
20240520,2713,21012774_EA,21012774,"Lemon Fresh Dishwashing Liquid, Club Pack",Household Supplies,No Name,5 l,9.99,ea,REGULAR
20240520,2713,20127455002_EA,20127455002,Slivered Almonds ,Not Available,No Name,100 g,3.29,ea,REGULAR
20240520,2713,20097482003_EA,20097482003,Citrus Pepper Flaked Light Tuna,Not Available,No Name,85 g,1.29,ea,REGULAR
20240520,2713,20347400004_EA,20347400004,Assorted Cream Bars,Frozen,No Name,30x60.0 ml,10.0,ea,REGULAR
20240520,2713,20296985003_EA,20296985003,Smooth Light Peanut Butter,Not Available,No Name,1 kg,4.79,ea,REGULAR
20240520,2713,21540283_EA,21540283,Detergent Dirt Release Cold Water,Household Supplies,No Name,4.43 l,10.49,ea,REGULAR
20240520,2713,20163323_EA,20163323,Baking Powder,Not Available,No Name,450 g,5.0,ea,SPECIAL
20240520,2713,20161597_EA,20161597,Capers,Not Available,No Name,100 ml,2.5,ea,REGULAR
20240520,2713,20161597_EA,20161597,Capers,Not Available,No Name,100 ml,2.5,ea,REGULAR
20240520,2713,21040543_EA,21040543,2% Evaporated Partly Skimmed Milk,Drinks,No Name,354 ml,1.99,ea,REGULAR
20240520,2713,20038043_EA,20038043,Apple Juice Boxes,Drinks,No Name,10x200.0 ml,3.29,ea,REGULAR
20240520,2713,20302135_EA,20302135,Assorted Sizes Cut Green Beans,Not Available,No Name,398 ml,1.29,ea,REGULAR
20240520,2713,20103390_EA,20103390,100% Pure Vegetable Oil,Not Available,No Name,3 l,9.99,ea,REGULAR
20240520,2713,20665613_EA,20665613,Non-Hydrogenated Margarine,Dairy & Eggs,No Name,1.36 kg,6.29,ea,REGULAR
20240520,2713,20617491_EA,20617491,Walnut Pieces,Not Available,No Name,100 g,3.49,ea,REGULAR
20240520,2713,20297898_EA,20297898,Oriental Style Special Blend Of Vegetables ,Frozen,No Name,750 g,2.59,ea,REGULAR
20240520,2713,20182673_EA,20182673,68% Vegetable Oil Margarine ,Dairy & Eggs,No Name,3.17 kg,12.99,ea,REGULAR
20240520,2714,20047452_EA,20047452,No.2 Cone Coffee Filters,Not Available,No Name,100 ea,3.49,ea,REGULAR
20240520,2714,20647008_EA,20647008,Pitted Prunes,Not Available,No Name,750 g,12.49,ea,REGULAR
20240520,2714,20299886002_EA,20299886002,Zesty Pasta Sauce,Not Available,No Name,680 ml,1.79,ea,REGULAR
20240520,2714,20114154_EA,20114154,Beef Burger 4 Oz,Frozen,No Name,1.36 kg,9.99,ea,SPECIAL
20240520,2714,20938403_EA,20938403,Brown Mushrooms,Fruits & Vegetables,No Name,680 g,5.0,ea,SPECIAL
20240520,2714,20015818_EA,20015818,Pepperoni,Deli,No Name,500 g,6.0,ea,REGULAR
20240520,2714,21291284_EA,21291284,Microwave Butter Flavour Popcorn,"Snacks, Chips & Candy",No Name,822 g,4.79,ea,REGULAR
20240520,2714,20618885_EA,20618885,Condensed Tomato Soup,Not Available,No Name,284 ml,0.99,ea,SPECIAL
20240520,2714,20813936001_EA,20813936001,Grade A Large Brown Eggs,Dairy & Eggs,No Name,12 eggs,5.62,ea,REGULAR
20240520,2714,20572093001_EA,20572093001,"Wafers, Cocoa","Snacks, Chips & Candy",No Name,175 g,1.99,ea,REGULAR
20240520,2714,21013432_EA,21013432,Vanilla Ice Cream Sandwiches,Frozen,No Name,24x120.0 ml,10.0,ea,REGULAR
20240520,2714,20618069_EA,20618069,Crushed Red Pepper ,Not Available,No Name,60 g,2.49,ea,REGULAR
20240520,2714,20618069_EA,20618069,Crushed Red Pepper ,Not Available,No Name,60 g,2.49,ea,REGULAR
20240520,2714,20617954_EA,20617954,Ground White Pepper,Not Available,No Name,110 g,2.49,ea,REGULAR
20240520,2714,20085278_EA,20085278,Household Cleanser With Bleach ,Household Supplies,No Name,400 g,1.0,ea,REGULAR
20240520,2714,20031869_EA,20031869,"All-Purpose Reusable Cloths, 40 Sheets",Household Supplies,No Name,1 ea,6.99,ea,REGULAR
20240520,2714,21283326_EA,21283326,Cookies & Cream Ice Cream Sandwiches ,Frozen,No Name,24x120.0 ml,10.0,ea,REGULAR
20240520,2714,20307399_EA,20307399,Light Medium Cheddar Cheese,Dairy & Eggs,No Name,200 g,3.49,ea,REGULAR
20240520,2714,20326255_EA,20326255,Dill Pickles With Garlic,Not Available,No Name,1 l,3.29,ea,REGULAR
20240520,2714,21309894_EA,21309894,Lemon Fresh Dishwashing Liquid ,Household Supplies,No Name,800 ml,2.29,ea,REGULAR
20240520,3041,20047452_EA,20047452,No.2 Cone Coffee Filters,Not Available,No Name,100 ea,3.49,ea,REGULAR
20240520,3041,20503035003_EA,20503035003,Fruit Punch Juice Boxes,Drinks,No Name,10x200.0 ml,3.29,ea,REGULAR
20240520,3041,21033168_EA,21033168,Whole Strawberries,Frozen,No Name,2 kg,14.0,ea,REGULAR
20240520,3041,21545097_EA,21545097,Naturally Imperfect Cultivated Blueberries,Frozen,No Name,300 g,3.0,ea,REGULAR
20240520,3041,21116660_EA,21116660,Regular Garbage Bags,Household Supplies,No Name,40 ea,8.99,ea,REGULAR
20240520,3041,20325649_EA,20325649,Stuffed Manzanilla Olives With Pimento Paste,Not Available,No Name,375 ml,2.0,ea,REGULAR
20240520,3041,20099523_EA,20099523,100% Pure Sunflower Oil,Not Available,No Name,946 ml,6.99,ea,REGULAR
20240520,3041,21375911_EA,21375911,Kitchen and Bathroom Cleaner,Household Supplies,No Name,650 ml,3.49,ea,REGULAR
20240520,3041,20618858_EA,20618858,Whipped Dressing,Not Available,No Name,890 ml,3.69,ea,REGULAR
20240520,3041,20101572001_EA,20101572001,"Naturally Imperfect Russet Potatoes, 20 lb Bag",Fruits & Vegetables,No Name,9.07 kg,9.0,ea,SPECIAL
20240520,3041,21030593_EA,21030593,Cheese Pizzas,Frozen,No Name,1740 g,12.99,ea,REGULAR
20240520,3041,20618069_EA,20618069,Crushed Red Pepper ,Not Available,No Name,60 g,2.49,ea,REGULAR
20240520,3041,20618069_EA,20618069,Crushed Red Pepper ,Not Available,No Name,60 g,2.49,ea,REGULAR
20240520,3041,20618044_EA,20618044,Nutmeg Ground,Not Available,No Name,125 g,2.49,ea,REGULAR
20240520,3041,20072342_EA,20072342,100% Canadian Pure Creamed Honey,Not Available,No Name,1 kg,8.99,ea,REGULAR
20240520,3041,20304191_EA,20304191,Cut Green Beans,Frozen,No Name,750 g,2.59,ea,REGULAR
20240520,3041,20099795_EA,20099795,Meat Lasagna,Frozen,No Name,2.27 kg,12.0,ea,REGULAR
20240520,3041,20298441001_EA,20298441001,Light Marble Cheddar Cheese,Dairy & Eggs,No Name,200 g,3.99,ea,REGULAR
20240520,3041,20617977_EA,20617977,Freeze-Dried Chives,Not Available,No Name,5.5 g,2.49,ea,REGULAR
20240520,3041,20319825_EA,20319825,"Green Peas, Club Size",Frozen,No Name,2 kg,6.29,ea,REGULAR
20240520,3049,20179276_EA,20179276,No.4 Cone Coffee Filters,Not Available,No Name,100 ea,3.49,ea,REGULAR
20240520,3049,20252539_EA,20252539,Condensed Cream of Chicken Soup,Not Available,No Name,284 ml,1.49,ea,REGULAR
20240520,3049,20031065001_EA,20031065001,Space Pops,Frozen,No Name,30x75.0 ml,6.29,ea,REGULAR
20240520,3049,20170051_EA,20170051,"Latex Rubber Gloves, Large",Household Supplies,No Name,1 ea,2.0,ea,REGULAR
20240520,3049,21545092_EA,21545092,Naturally Imperfect Mango Chunks,Frozen,No Name,400 g,3.0,ea,REGULAR
20240520,3049,20303626_EA,20303626,Fudge-Striped Shortbread Cookies,"Snacks, Chips & Candy",No Name,368 g,3.0,ea,SPECIAL
20240520,3049,20552134002_EA,20552134002,Concentrated Fruit Punch,Frozen,No Name,283 ml,1.39,ea,REGULAR
20240520,3049,20889881_EA,20889881,"Breadsticks and Cheese, Processed Cheese Product","Snacks, Chips & Candy",No Name,3x29.0 g,1.5,ea,REGULAR
20240520,3049,20503296_EA,20503296,"Stuffed Breaded Chicken, Broccoli & Cheese (2 Pack)",Frozen,No Name,284 g,4.79,ea,REGULAR
20240520,3049,20097482002_EA,20097482002,Tomato Basil Flaked Light Tuna,Not Available,No Name,85 g,1.29,ea,REGULAR
20240520,3049,20304431_EA,20304431,Pecan Halves,Not Available,No Name,100 g,2.79,ea,REGULAR
20240520,3049,21315707_EA,21315707,Uncooked Stuffed Breaded Chicken Breast Cutlettes Parmesan,Frozen,No Name,284 g,4.79,ea,REGULAR
20240520,3049,21315707_EA,21315707,Uncooked Stuffed Breaded Chicken Breast Cutlettes Parmesan,Frozen,No Name,284 g,4.79,ea,REGULAR
20240520,3049,21040543_EA,21040543,2% Evaporated Partly Skimmed Milk,Drinks,No Name,354 ml,1.99,ea,REGULAR
20240520,3049,20325921001_EA,20325921001,Chickpeas,Not Available,No Name,540 ml,1.49,ea,REGULAR
20240520,3049,20870562_EA,20870562,Lasagna Pan,Household Supplies,No Name,1 ea,5.0,ea,REGULAR
20240520,3049,20314839001_EA,20314839001,Maple-Style Beans ,Not Available,No Name,398 ml,0.99,ea,SPECIAL
20240520,3049,20149498001_EA,20149498001,Balanced Nutrition For Dogs,Pet Supplies,No Name,8 kg,24.99,ea,REGULAR
20240520,3049,20860007_EA,20860007,Pink Lemonade,Drinks,No Name,1.75 l,2.99,ea,REGULAR
20240520,3049,20869962_EA,20869962,Square Cake Pans with Lids,Household Supplies,No Name,1 ea,5.0,ea,REGULAR
20240520,3112,20047452_EA,20047452,No.2 Cone Coffee Filters,Not Available,No Name,100 ea,3.49,ea,REGULAR
20240520,3112,21302932_EA,21302932,Ketchup Potato Chips,"Snacks, Chips & Candy",No Name,200 g,1.49,ea,REGULAR
20240520,3112,21035629_EA,21035629,Light Original Cream Cheese Product,Dairy & Eggs,No Name,227 g,3.0,ea,REGULAR
20240520,3112,20970794_EA,20970794,Chopped Dried Dates,Not Available,No Name,300 g,3.99,ea,REGULAR
20240520,3112,21489589_EA,21489589,Bleach,Household Supplies,No Name,1.27 l,2.49,ea,REGULAR
20240520,3112,20097482002_EA,20097482002,Tomato Basil Flaked Light Tuna,Not Available,No Name,85 g,1.29,ea,REGULAR
20240520,3112,21036106_EA,21036106,Cream Cheese Spread ,Dairy & Eggs,No Name,227 g,3.0,ea,REGULAR
20240520,3112,20503296_EA,20503296,"Stuffed Breaded Chicken, Broccoli & Cheese (2 Pack)",Frozen,No Name,284 g,4.79,ea,REGULAR
20240520,3112,20322093001_EA,20322093001,Original Waffles,Frozen,No Name,1680 g,12.49,ea,REGULAR
20240520,3112,20426138_EA,20426138,Sliced Blanched Almonds ,Not Available,No Name,400 g,7.99,ea,REGULAR
20240520,3112,20304431_EA,20304431,Pecan Halves,Not Available,No Name,100 g,2.79,ea,REGULAR
20240520,3112,20618260_EA,20618260,Ground Sage,Not Available,No Name,80 g,2.49,ea,REGULAR
20240520,3112,20618260_EA,20618260,Ground Sage,Not Available,No Name,80 g,2.49,ea,REGULAR
20240520,3112,20618079_EA,20618079,Onion Salt,Not Available,No Name,200 g,2.49,ea,REGULAR
20240520,3112,21289734_EA,21289734,Marble Cheddar Cheese Light,Dairy & Eggs,No Name,400 g,5.99,ea,REGULAR
20240520,3112,20872332_EA,20872332,"Rack Roaster with Lid, Medium",Household Supplies,No Name,1 ea,3.0,ea,REGULAR
20240520,3112,20671251_EA,20671251,Deep Dish Pie Shells,Dairy & Eggs,No Name,380 g,3.99,ea,REGULAR
20240520,3112,20180393_EA,20180393,Resealable Sandwich Bags,Household Supplies,No Name,100 ea,3.5,ea,REGULAR
20240520,3112,20139927_EA,20139927,Pine Nuts,Not Available,No Name,100 g,7.99,ea,REGULAR
20240520,3112,21538491_EA,21538491,Italian Meatballs,Frozen,No Name,680 g,9.99,ea,REGULAR
20240520,3114,20179276_EA,20179276,No.4 Cone Coffee Filters,Not Available,No Name,100 ea,3.49,ea,REGULAR
20240520,3114,21384149_EA,21384149,Paper Dinner Plates 40 Pack,Home & Kitchen,No Name,40 ea,6.0,ea,SPECIAL
20240520,3114,20957902_EA,20957902,Cheese Flavoured Twists,"Snacks, Chips & Candy",No Name,700 g,4.99,ea,REGULAR
20240520,3114,20347400002_EA,20347400002,Ice Milk Fudge Bars,Frozen,No Name,30x60.0 ml,10.0,ea,REGULAR
20240520,3114,20161576_EA,20161576,"Lemon Scent Dirt Release Powder Laundry Detergent, Club Pack",Household Supplies,No Name,14.5 kg,23.99,ea,REGULAR
20240520,3114,21099682_EA,21099682,Onion Mix for Soup & Recipe 4 x 28g,Not Available,No Name,28 g,2.49,ea,REGULAR
20240520,3114,20813386001_EA,20813386001,Medium Grade A White Eggs,Dairy & Eggs,No Name,12 eggs,3.68,ea,REGULAR
20240520,3114,21119987_EA,21119987,"Aluminum Foil, 50 ft",Household Supplies,No Name,1 ea,2.99,ea,REGULAR
20240520,3114,20944462001_EA,20944462001,Naturally Imperfect Potatoes 15lb,Fruits & Vegetables,No Name,6804 g,6.0,ea,SPECIAL
20240520,3114,20319825_EA,20319825,"Green Peas, Club Size",Frozen,No Name,2 kg,6.29,ea,REGULAR
20240520,3114,20795392_EA,20795392,Salted Tops Soda Crackers,"Snacks, Chips & Candy",No Name,454 g,3.29,ea,REGULAR
20240520,3114,20619627_EA,20619627,Oregano Leaves,Not Available,No Name,30 g,2.49,ea,REGULAR
20240520,3114,20619627_EA,20619627,Oregano Leaves,Not Available,No Name,30 g,2.49,ea,REGULAR
20240520,3114,21045713_EA,21045713,"Chicken Wings, Medium BBQ",Frozen,No Name,908 g,13.99,ea,REGULAR
20240520,3114,20725293_EA,20725293,Lemon Scented Wet Mop Refills  ,Household Supplies,No Name,12 ea,5.0,ea,REGULAR
20240520,3114,20860007_EA,20860007,Pink Lemonade,Drinks,No Name,1.75 l,2.99,ea,REGULAR
20240520,3114,20058192_EA,20058192,Chicken Hot Dogs,Meat,No Name,450 g,3.0,ea,REGULAR
20240520,3114,20805031_EA,20805031,Match Book,Home & Kitchen,No Name,1 ea,2.0,ea,REGULAR
20240520,3114,20430551_EA,20430551,Artificial Vanilla Extract,Not Available,No Name,250 ml,4.79,ea,REGULAR
20240520,3114,20347400001_EA,20347400001,Vanilla Ice Milk Bars,Frozen,No Name,30x60.0 ml,10.0,ea,REGULAR
20240520,3117,20047452_EA,20047452,No.2 Cone Coffee Filters,Not Available,No Name,100 ea,3.49,ea,REGULAR
20240520,3117,20075199001_EA,20075199001,Fruit Bowl Variety Pack,"Snacks, Chips & Candy",No Name,16x107.0 ml,9.99,ea,REGULAR
20240520,3117,20957902_EA,20957902,Cheese Flavoured Twists,"Snacks, Chips & Candy",No Name,700 g,4.99,ea,REGULAR
20240520,3117,20034427_EA,20034427,100% Canadian Pure Creamed Honey,Not Available,No Name,500 g,5.99,ea,REGULAR
20240520,3117,20055326001_EA,20055326001,Red Glace Cherries,Not Available,No Name,450 g,6.79,ea,REGULAR
20240520,3117,20742315_EA,20742315,Marble Cheddar Cheese Slices,Dairy & Eggs,No Name,230 g,4.5,ea,REGULAR
20240520,3117,21097602_EA,21097602,Pineapple Tidbits in Pineapple Juice,Not Available,No Name,540 ml,1.79,ea,REGULAR
20240520,3117,20937529_EA,20937529,Naturally Imperfect White Mushrooms,Fruits & Vegetables,No Name,680 g,5.0,ea,SPECIAL
20240520,3117,20896738_EA,20896738,Prune Nectar Unsweetened,Drinks,No Name,1.36 l,5.99,ea,REGULAR
20240520,3117,20011604_EA,20011604,Medium Grain Calrose Rice,Not Available,No Name,8 kg,22.99,ea,REGULAR
20240520,3117,21168783_EA,21168783,Oven Liners,Household Supplies,No Name,1 ea,5.0,ea,REGULAR
20240520,3117,20618823_EA,20618823,Fruit Cocktail in Light Syrup,Not Available,No Name,796 ml,3.49,ea,REGULAR
20240520,3117,20618823_EA,20618823,Fruit Cocktail in Light Syrup,Not Available,No Name,796 ml,3.49,ea,REGULAR
20240520,3117,20618571_EA,20618571,Dehydrated Minced Onion,Not Available,No Name,105 g,2.49,ea,REGULAR
20240520,3117,20148495_EA,20148495,Orange Juice Boxes,Drinks,No Name,10x200.0 ml,5.29,ea,REGULAR
20240520,3117,20301274002_C24,20301274002,Instant Noodle Soup Beef Flavour,Not Available,No Name,24x85.0 g,5.99,ea,REGULAR
20240520,3117,20320439003_EA,20320439003,Fruit Punch,Drinks,No Name,2 l,2.0,ea,REGULAR
20240520,3117,20065872_EA,20065872,Seasoned Stuffing Mix,Not Available,No Name,120 g,1.49,ea,REGULAR
20240520,3117,20911282_EA,20911282,Cream Cheese Spread with Herbs & Roasted Garlic,Dairy & Eggs,No Name,340 g,4.69,ea,REGULAR
20240520,3117,20127455002_EA,20127455002,Slivered Almonds ,Not Available,No Name,100 g,2.79,ea,REGULAR
20240520,3119,20179276_EA,20179276,No.4 Cone Coffee Filters,Not Available,No Name,100 ea,3.49,ea,REGULAR
20240520,3119,21507048_EA,21507048,"Bleach, Lemon Scent",Household Supplies,No Name,1.27 l,2.49,ea,REGULAR
20240520,3119,21384145_EA,21384145,Paper Luncheon Plates 40 Pack,Home & Kitchen,No Name,40 ea,5.0,ea,SPECIAL
20240520,3119,20298902_EA,20298902,Three Fruit Marmalade With Pectin,Not Available,No Name,500 ml,4.79,ea,REGULAR
20240520,3119,21099682_EA,21099682,Onion Mix for Soup & Recipe 4 x 28g,Not Available,No Name,28 g,2.49,ea,REGULAR
20240520,3119,20301274001_EA,20301274001,Chicken Flavour Instant Noodle Soup,Not Available,No Name,85 g,0.39,ea,REGULAR
20240520,3119,20306897_EA,20306897,"Napkins 1 Ply Club Size, 500 Sheets",Household Supplies,No Name,1 ea,5.49,ea,REGULAR
20240520,3119,20180393_EA,20180393,Resealable Sandwich Bags,Household Supplies,No Name,100 ea,3.5,ea,REGULAR
20240520,3119,20296401_EA,20296401,Peaches and Cream Whole Kernel Corn,Not Available,No Name,341 ml,1.29,ea,REGULAR
20240520,3119,20860677_EA,20860677,Iced Tea,Drinks,No Name,1.75 l,2.29,ea,REGULAR
20240520,3119,21168783_EA,21168783,Oven Liners,Household Supplies,No Name,1 ea,5.0,ea,REGULAR
20240520,3119,20618039_EA,20618039,Ground Thyme,Not Available,No Name,80 g,2.49,ea,REGULAR
20240520,3119,20618039_EA,20618039,Ground Thyme,Not Available,No Name,80 g,2.49,ea,REGULAR
20240520,3119,20097492_EA,20097492,Whole Mushrooms,Not Available,No Name,284 ml,1.29,ea,REGULAR
20240520,3119,20297188003_EA,20297188003,Original Rice Crackers,"Snacks, Chips & Candy",No Name,100 g,1.49,ea,REGULAR
20240520,3119,20860007_EA,20860007,Pink Lemonade,Drinks,No Name,1.75 l,2.99,ea,REGULAR
20240520,3119,20318062001_EA,20318062001,Salted Blanched Peanuts,"Snacks, Chips & Candy",No Name,500 g,3.99,ea,REGULAR
20240520,3119,21384127_EA,21384127,Paper Dessert Plates 40 ,Home & Kitchen,No Name,40 ea,5.5,ea,REGULAR
20240520,3119,20957902_EA,20957902,Cheese Flavoured Twists,"Snacks, Chips & Candy",No Name,700 g,4.99,ea,REGULAR
20240520,3119,20347400001_EA,20347400001,Vanilla Ice Milk Bars,Frozen,No Name,30x60.0 ml,10.0,ea,REGULAR
20240520,3122,20179276_EA,20179276,No.4 Cone Coffee Filters,Not Available,No Name,100 ea,3.49,ea,REGULAR
20240520,3122,20015818_EA,20015818,Pepperoni,Deli,No Name,500 g,6.0,ea,REGULAR
20240520,3122,20872407_EA,20872407,Poultry Pan,Household Supplies,No Name,1 ea,2.0,ea,REGULAR
20240520,3122,20005589_EA,20005589,Hot Chocolate Mix ,Drinks,No Name,1.8 kg,14.49,ea,REGULAR
20240520,3122,20000476001_EA,20000476001,14% M.F. Regular Sour Cream,Dairy & Eggs,No Name,250 ml,2.19,ea,REGULAR
20240520,3122,20171693_EA,20171693,Whole Hearts Of Palm,Not Available,No Name,398 ml,3.49,ea,REGULAR
20240520,3122,20314839005_EA,20314839005,Slow-Cooked Beans In Tomato Sauce,Not Available,No Name,398 ml,0.99,ea,SPECIAL
20240520,3122,21417123_EA,21417123,Large Kitchen Garbage Bags,Household Supplies,No Name,40 ea,5.49,ea,REGULAR
20240520,3122,20114154_EA,20114154,Beef Burger 4 Oz,Frozen,No Name,1.36 kg,9.99,ea,SPECIAL
20240520,3122,20304431_EA,20304431,Pecan Halves,Not Available,No Name,100 g,2.79,ea,REGULAR
20240520,3122,20304431_EA,20304431,Pecan Halves,Not Available,No Name,100 g,2.79,ea,REGULAR
20240520,3122,20618823_EA,20618823,Fruit Cocktail in Light Syrup,Not Available,No Name,796 ml,3.49,ea,REGULAR
20240520,3122,20618824_EA,20618824,Clingstone Peach Slices in Juice from Concentrate,Not Available,No Name,796 ml,3.49,ea,REGULAR
20240520,3122,21509822_EA,21509822,Original Bread,Bakery,No Name,675 g,1.97,ea,REGULAR
20240520,3122,21380594_EA,21380594,Medium Roast Decaf Coffee,Drinks,No Name,925 g,8.99,ea,REGULAR
20240520,3122,20325263_EA,20325263,Polskie Ogórki Dill Pickles,Not Available,No Name,1 l,3.29,ea,REGULAR
20240520,3122,20155482_EA,20155482,Medium Zipper Freezer Bags,Household Supplies,No Name,40 ea,5.99,ea,REGULAR
20240520,3122,21042473_EA,21042473,Free and Clear Nature Dirt Release Detergent ,Household Supplies,No Name,2.03 l,4.99,ea,REGULAR
20240520,3122,21191816_EA,21191816,Seasoned Dry Roasted Peanuts,"Snacks, Chips & Candy",No Name,650 g,4.99,ea,REGULAR
20240520,3131,20179276_EA,20179276,No.4 Cone Coffee Filters,Not Available,No Name,100 ea,3.49,ea,REGULAR
20240520,3131,20315613008_EA,20315613008,Acini Di Pepe Pasta,Not Available,No Name,900 g,2.0,ea,REGULAR
20240520,3131,21013437_EA,21013437,Chocolate Ice Cream Sandwiches,Frozen,No Name,24x120.0 ml,10.0,ea,REGULAR
20240520,3131,20970794_EA,20970794,Chopped Dried Dates,Not Available,No Name,300 g,3.99,ea,REGULAR
20240520,3131,20573474_EA,20573474,Beans with Pork and Molasses,Not Available,No Name,398 ml,0.99,ea,SPECIAL
20240520,3131,20557181_EA,20557181,Heavy Duty Scouring Sponges,Household Supplies,No Name,2 ea,3.0,ea,REGULAR
20240520,3131,20084432_EA,20084432,Spanish Queen Olives,Not Available,No Name,375 ml,1.99,ea,REGULAR
20240520,3131,20013832_EA,20013832,Twist Ties Kitchen Garbage Bags,Household Supplies,No Name,24 ea,4.49,ea,REGULAR
20240520,3131,20618086_EA,20618086,Ground Black Pepper,Not Available,No Name,150 g,2.49,ea,REGULAR
20240520,3131,20161597_EA,20161597,Capers,Not Available,No Name,100 ml,2.5,ea,REGULAR
20240520,3131,20325561_EA,20325561,Dill Chips Pickles ,Not Available,No Name,1 l,3.29,ea,REGULAR
20240520,3131,20923828_EA,20923828,Quick 100% Whole Grain Oats,Not Available,No Name,1 kg,2.79,ea,REGULAR
20240520,3131,20923828_EA,20923828,Quick 100% Whole Grain Oats,Not Available,No Name,1 kg,2.79,ea,REGULAR
20240520,3131,20132840_EA,20132840,Thyme Leaves,Not Available,No Name,45 g,2.49,ea,REGULAR
20240520,3131,21302937_EA,21302937,Barbecue Potato Chips,"Snacks, Chips & Candy",No Name,200 g,1.49,ea,REGULAR
20240520,3131,21380631_EA,21380631,Dark Roast Ground Coffee,Drinks,No Name,925 g,8.99,ea,REGULAR
20240520,3131,21348616_EA,21348616,Spicy Barbecue Potato Chips ,"Snacks, Chips & Candy",No Name,200 g,1.49,ea,REGULAR
20240520,3131,20106122_EA,20106122,Long Grain Parboiled Rice,Not Available,No Name,8 kg,16.99,ea,REGULAR
20240520,3131,20870521_EA,20870521,"All-Purpose Pan with Lid, Giant Size",Household Supplies,No Name,1 ea,6.0,ea,REGULAR
20240520,3131,21097609_EA,21097609,Sliced Pineapple in Pineapple Juice,Not Available,No Name,540 ml,1.79,ea,REGULAR
20240520,3132,20179276_EA,20179276,No.4 Cone Coffee Filters,Not Available,No Name,100 ea,3.49,ea,REGULAR
20240520,3132,20002659_EA,20002659,Semi-Sweet Chocolate Chips,Not Available,No Name,300 g,3.99,ea,REGULAR
20240520,3132,20298441001_EA,20298441001,Light Marble Cheddar Cheese,Dairy & Eggs,No Name,200 g,3.49,ea,REGULAR
20240520,3132,20005589_EA,20005589,Hot Chocolate Mix ,Drinks,No Name,1.8 kg,14.49,ea,REGULAR
20240520,3132,20026331_EA,20026331,Soup Mix Chicken Noodle,Not Available,No Name,4x83.0 g,2.49,ea,REGULAR
20240520,3132,20426318_EA,20426318,Walnut Pieces Club Size,Not Available,No Name,1 kg,16.99,ea,REGULAR
20240520,3132,20142195_EA,20142195,Dishwasher Rinse Agent,Household Supplies,No Name,250 ml,3.99,ea,REGULAR
20240520,3132,21060319_EA,21060319,Shredded Part Skimmed Mozzarella,Dairy & Eggs,No Name,320 g,5.79,ea,REGULAR
20240520,3132,20023746002_EA,20023746002,Unscented Scoopable Clumping Cat Litter,Not Available,No Name,7 kg,8.99,ea,REGULAR
20240520,3132,20165317_EA,20165317,Magic Cleaning Pads,Household Supplies,No Name,2 pack,2.0,ea,REGULAR
20240520,3132,20296401_EA,20296401,Peaches and Cream Whole Kernel Corn,Not Available,No Name,341 ml,1.29,ea,REGULAR
20240520,3132,20618072_EA,20618072,Paprika,Not Available,No Name,150 g,2.49,ea,REGULAR
20240520,3132,20618072_EA,20618072,Paprika,Not Available,No Name,150 g,2.49,ea,REGULAR
20240520,3132,20097492_EA,20097492,Whole Mushrooms,Not Available,No Name,284 ml,1.29,ea,REGULAR
20240520,3132,20618885_EA,20618885,Condensed Tomato Soup,Not Available,No Name,284 ml,0.99,ea,SPECIAL
20240520,3132,20860007_EA,20860007,Pink Lemonade,Drinks,No Name,1.75 l,2.99,ea,REGULAR
20240520,3132,20296118002_EA,20296118002,Sweetened Tart Shells,Dairy & Eggs,No Name,30 ea,5.99,ea,REGULAR
20240520,3132,21545097_EA,21545097,Naturally Imperfect Cultivated Blueberries,Frozen,No Name,300 g,3.0,ea,REGULAR
20240520,3132,20725301_EA,20725301,Deluxe Duster Kit,Household Supplies,No Name,3 pack,4.99,ea,REGULAR
20240520,3132,20148493002_EA,20148493002,Sliced White Potatoes,Not Available,No Name,540 ml,1.49,ea,REGULAR
20240520,3133,21033161_EA,21033161,Naturally Imperfect Mango,Frozen,No Name,2 kg,14.0,ea,REGULAR
20240520,3133,21189607_EA,21189607,Beef Broth,Not Available,No Name,900 ml,1.69,ea,REGULAR
20240520,3133,21124368001_EA,21124368001,Naturally Imperfect Limes,Fruits & Vegetables,No Name,907 g,5.0,ea,SPECIAL
20240520,3133,20315322001_EA,20315322001,"Large Marshmallows, Club Size",Not Available,No Name,1 kg,5.99,ea,REGULAR
20240520,3133,20158935_EA,20158935,Sweet and Tender Small Peas,Not Available,No Name,284 ml,1.49,ea,REGULAR
20240520,3133,20158935_EA,20158935,Sweet and Tender Small Peas,Not Available,No Name,284 ml,1.49,ea,REGULAR
20240520,3133,20628585001_EA,20628585001,Clingstone Peach Slices in Juice From Concentrate,Not Available,No Name,398 ml,1.99,ea,REGULAR
20240520,3133,20069589_EA,20069589,Long Grain White Rice,Not Available,No Name,2 kg,5.49,ea,REGULAR
20240520,3133,20547831_EA,20547831,Mayonnaise,Not Available,No Name,445 ml,3.79,ea,REGULAR
20240520,3133,21302823_EA,21302823,Regular Potato Chips ,"Snacks, Chips & Candy",No Name,200 g,1.49,ea,REGULAR
20240520,3133,20911023_EA,20911023,Original Cream Cheese Spread ,Dairy & Eggs,No Name,340 g,4.69,ea,REGULAR
20240520,3133,21030802_EA,21030802,Unbleached All-Purpose Flour,Not Available,No Name,2.5 kg,3.79,ea,REGULAR
20240520,3133,20521655_EA,20521655,Fruit Salad with Cherries in Light Syrup,"Snacks, Chips & Candy",No Name,4x107.0 ml,2.29,ea,REGULAR
20240520,3133,20617491_EA,20617491,Walnut Pieces,Not Available,No Name,100 g,2.99,ea,REGULAR
20240520,3134,20174909_EA,20174909,"Bacon, Mild Sugar Cured with Reduced Salt, Uncooked",Meat,No Name,500 g,6.0,ea,REGULAR
20240520,3134,20031065002_EA,20031065002,Ice Pops,Frozen,No Name,30x75.0 ml,6.29,ea,REGULAR
20240520,3134,21545097_EA,21545097,Naturally Imperfect Cultivated Blueberries,Frozen,No Name,300 g,3.0,ea,REGULAR
20240520,3134,20038043_EA,20038043,Apple Juice Boxes,Drinks,No Name,10x200.0 ml,3.0,ea,REGULAR
20240520,3134,20085278_EA,20085278,Household Cleanser With Bleach ,Household Supplies,No Name,400 g,1.0,ea,REGULAR
20240520,3134,20734765_EA,20734765,Flat-Bottomed Lunch Bags ,Household Supplies,No Name,100 ea,4.49,ea,REGULAR
20240520,3134,21180125_EA,21180125,Instant Coffee,Drinks,No Name,150 g,4.99,ea,REGULAR
20240520,3134,20701744_EA,20701744,"Club Pack Chicken Wings, Split",Frozen,No Name,2 kg,29.99,ea,REGULAR
20240520,3134,21168783_EA,21168783,Oven Liners,Household Supplies,No Name,1 ea,5.0,ea,REGULAR
20240520,3134,21168783_EA,21168783,Oven Liners,Household Supplies,No Name,1 ea,5.0,ea,REGULAR
20240520,3134,20923828_EA,20923828,Quick 100% Whole Grain Oats,Not Available,No Name,1 kg,2.79,ea,REGULAR
20240520,3134,21047871_EA,21047871,Cream Cheese Product With Strawberries,Dairy & Eggs,No Name,227 g,3.0,ea,REGULAR
20240520,3134,20058192_EA,20058192,Chicken Hot Dogs,Meat,No Name,450 g,3.0,ea,REGULAR
20240520,3134,20870360_EA,20870360,Storage Containers 20cm x 14cm x 5cm,Household Supplies,No Name,1 ea,5.5,ea,REGULAR
20240520,3134,20127768_EA,20127768,100% Pure Peanut Oil,Not Available,No Name,946 ml,7.29,ea,REGULAR
20240520,3134,20315613009_EA,20315613009,Cavatappi Pasta,Not Available,No Name,900 g,2.0,ea,REGULAR
20240520,3134,20320421_EA,20320421,"Olives, Salad",Not Available,No Name,375 ml,1.99,ea,REGULAR
20240520,3134,20148493001_EA,20148493001,Whole White Potatoes,Not Available,No Name,540 ml,1.49,ea,REGULAR
20240520,3135,20996039_EA,20996039,"Roasted Peanuts, No Salt",Fruits & Vegetables,No Name,907 g,6.5,ea,REGULAR
20240520,3135,21396647_EA,21396647,Worcestershire Sauce,Not Available,No Name,295 ml,2.49,ea,SPECIAL
20240520,3135,21384145_EA,21384145,Paper Luncheon Plates 40 Pack,Home & Kitchen,No Name,40 ea,5.0,ea,SPECIAL
20240520,3135,20296029001_EA,20296029001,Balanced Nutrition Cat Food,Pet Supplies,No Name,4 kg,13.49,ea,REGULAR
20240520,3135,20647525_EA,20647525,Sweetened Dried Cranberries ,Not Available,No Name,750 g,8.99,ea,REGULAR
20240520,3135,20051787_EA,20051787,Apple Cider Vinegar,Not Available,No Name,500 ml,1.5,ea,REGULAR
20240520,3135,20600787_EA,20600787,Diced Tomatoes,Not Available,No Name,796 ml,1.79,ea,REGULAR
20240520,3135,21060319_EA,21060319,Shredded Part Skimmed Mozzarella,Dairy & Eggs,No Name,320 g,5.79,ea,REGULAR
20240520,3135,20320439005_EA,20320439005,Peach Drink,Drinks,No Name,2 l,2.0,ea,REGULAR
20240520,3135,20647362_EA,20647362,Pitted Prunes,Not Available,No Name,375 g,6.79,ea,REGULAR
20240520,3135,20296401_EA,20296401,Peaches and Cream Whole Kernel Corn,Not Available,No Name,341 ml,1.29,ea,REGULAR
20240520,3135,21064875_EA,21064875,Italian Sub Variety Pack Sliced,Deli,No Name,375 g,5.0,ea,REGULAR
20240520,3135,21064875_EA,21064875,Italian Sub Variety Pack Sliced,Deli,No Name,375 g,5.0,ea,REGULAR
20240520,3135,21045309_EA,21045309,Salt & Pepper Chicken Wings,Frozen,No Name,908 g,13.99,ea,REGULAR
20240520,3135,21379698_EA,21379698,Unsweetened Apple Sauce,Not Available,No Name,620 ml,3.0,ea,REGULAR
20240520,3135,20061485_EA,20061485,Rectangular Container 1L,Home & Kitchen,No Name,1 l,5.0,ea,REGULAR
20240520,3135,20316543002_EA,20316543002,Unsalted Butter,Dairy & Eggs,No Name,454 g,5.99,ea,REGULAR
20240520,3135,20324462002_EA,20324462002,Soy Sauce,Not Available,No Name,450 ml,1.99,ea,REGULAR
20240520,3135,20310690_EA,20310690,Deluxe Glace Fruit Mix,Not Available,No Name,450 g,6.49,ea,REGULAR
20240520,3135,21291284_EA,21291284,Microwave Butter Flavour Popcorn,"Snacks, Chips & Candy",No Name,822 g,4.79,ea,REGULAR
20240520,3138,20047452_EA,20047452,No.2 Cone Coffee Filters,Not Available,No Name,100 ea,3.49,ea,REGULAR
20240520,3138,21509159_EA,21509159,Cracked Wheat Bread,Bakery,No Name,675 g,1.97,ea,REGULAR
20240520,3138,20298441001_EA,20298441001,Light Marble Cheddar Cheese,Dairy & Eggs,No Name,200 g,3.49,ea,REGULAR
20240520,3138,20322093002_EA,20322093002,Blueberry Waffles,Frozen,No Name,1680 g,12.49,ea,REGULAR
20240520,3138,20163323_EA,20163323,Baking Powder,Not Available,No Name,450 g,5.0,ea,SPECIAL
20240520,3138,20315322001_EA,20315322001,"Large Marshmallows, Club Size",Not Available,No Name,1 kg,5.99,ea,REGULAR
20240520,3138,20894653_EA,20894653,Compostable Kitchen Bags for Organics Club Size,Household Supplies,No Name,100 ea,14.99,ea,REGULAR
20240520,3138,21030802_EA,21030802,Unbleached All-Purpose Flour,Not Available,No Name,2.5 kg,3.79,ea,REGULAR
20240520,3138,20426875_EA,20426875,Whole Almonds,Not Available,No Name,1 kg,19.49,ea,REGULAR
20240520,3138,21515715_EA,21515715,Paper Cups 100 Pack,Not Available,No Name,100 ea,4.5,ea,REGULAR
20240520,3138,20325561_EA,20325561,Dill Chips Pickles ,Not Available,No Name,1 l,3.29,ea,REGULAR
20240520,3138,21315707_EA,21315707,Uncooked Stuffed Breaded Chicken Breast Cutlettes Parmesan,Frozen,No Name,284 g,4.79,ea,REGULAR
20240520,3138,21315707_EA,21315707,Uncooked Stuffed Breaded Chicken Breast Cutlettes Parmesan,Frozen,No Name,284 g,4.79,ea,REGULAR
20240520,3138,20734371_EA,20734371,Original Smoked Sausages,Meat,No Name,900 g,6.99,ea,SPECIAL
20240520,3138,21036106_EA,21036106,Cream Cheese Spread ,Dairy & Eggs,No Name,227 g,3.0,ea,REGULAR
20240520,3138,20181401_EA,20181401,Garlic Salt,Not Available,No Name,1 kg,8.99,ea,REGULAR
20240520,3138,21385281_EA,21385281,Diced Pears,"Snacks, Chips & Candy",No Name,428 g,2.29,ea,REGULAR
20240520,3138,20962493_EA,20962493,Cheese Flavoured Crunchy Snacks,"Snacks, Chips & Candy",No Name,200 g,2.49,ea,REGULAR
20240520,3138,20870562_EA,20870562,Lasagna Pan,Household Supplies,No Name,1 ea,5.0,ea,REGULAR
20240520,3138,21393583_EA,21393583,Medium Roast Decaffeinated Coffee Pods,Drinks,No Name,114 g,6.79,ea,REGULAR
20240520,3139,20047452_EA,20047452,No.2 Cone Coffee Filters,Not Available,No Name,100 ea,3.49,ea,REGULAR
20240520,3139,20322987_EA,20322987,5% M.F. Light Sour Cream,Dairy & Eggs,No Name,500 ml,2.89,ea,REGULAR
20240520,3139,20957902_EA,20957902,Cheese Flavoured Twists,"Snacks, Chips & Candy",No Name,700 g,4.99,ea,REGULAR
20240520,3139,20889882_EA,20889882,"Crackers and Cheese, Processed Cheese Product","Snacks, Chips & Candy",No Name,3x29.0 g,1.5,ea,REGULAR
20240520,3139,20427145_EA,20427145,Pecan Halves Club Size,Not Available,No Name,1 kg,28.99,ea,REGULAR
20240520,3139,20015284001_EA,20015284001,Butterscotch Ripple Ice Milk,Frozen,No Name,4 l,5.99,ea,REGULAR
20240520,3139,20866993_EA,20866993,"Electric Burner Liners, Small",Household Supplies,No Name,10 ea,3.5,ea,REGULAR
20240520,3139,20765349_EA,20765349,Stringable Cheese Marble,Dairy & Eggs,No Name,336 g,7.79,ea,REGULAR
20240520,3139,20002786_EA,20002786,Original Hot Dogs,Meat,No Name,450 g,4.0,ea,REGULAR
20240520,3139,20081753_EA,20081753,Regular Garbage Bags Club Size,Household Supplies,No Name,100 ea,14.99,ea,REGULAR
20240520,3139,21168783_EA,21168783,Oven Liners,Household Supplies,No Name,1 ea,5.0,ea,REGULAR
20240520,3139,20430788_EA,20430788,Chocolate Syrup,Drinks,No Name,700 ml,3.99,ea,REGULAR
20240520,3139,20430788_EA,20430788,Chocolate Syrup,Drinks,No Name,700 ml,3.99,ea,REGULAR
20240520,3139,21291640_EA,21291640,Sardines,Not Available,No Name,106 g,1.49,ea,REGULAR
20240520,3139,21405449_EA,21405449,Scented Air Freshener Coconut Gel,Household Supplies,No Name,170 g,1.0,ea,REGULAR
20240520,3139,20338236_EA,20338236,Celebration Trail Mix,"Snacks, Chips & Candy",No Name,1 kg,10.99,ea,REGULAR
20240520,3139,20323647_EA,20323647,Whole Green Beans,Frozen,No Name,750 g,2.59,ea,REGULAR
20240520,3139,21302946_EA,21302946,Salt & Vinegar Potato Chips,"Snacks, Chips & Candy",No Name,200 g,1.49,ea,REGULAR
20240520,3139,20911282_EA,20911282,Cream Cheese Spread with Herbs & Roasted Garlic,Dairy & Eggs,No Name,340 g,4.69,ea,REGULAR
20240520,3139,20160496002_EA,20160496002,Pure Olive Oil,Not Available,No Name,750 ml,11.99,ea,REGULAR
20240520,3140,20047452_EA,20047452,No.2 Cone Coffee Filters,Not Available,No Name,100 ea,3.49,ea,REGULAR
20240520,3140,20647361_EA,20647361,Currants,Not Available,No Name,375 g,4.99,ea,REGULAR
20240520,3140,20140914_EA,20140914,Marinated Quartered Artichoke Hearts,Not Available,No Name,170 ml,2.0,ea,REGULAR
20240520,3140,20795391_EA,20795391,Plain Tops Soda Crackers,"Snacks, Chips & Candy",No Name,454 g,3.29,ea,REGULAR
20240520,3140,20647362_EA,20647362,Pitted Prunes,Not Available,No Name,375 g,6.79,ea,REGULAR
20240520,3140,20648026_EA,20648026,Sultana Raisins,Not Available,No Name,375 g,4.49,ea,REGULAR
20240520,3140,20162802_EA,20162802,Square Container 600ml,Home & Kitchen,No Name,7 ea,5.0,ea,REGULAR
20240520,3140,20161396_EA,20161396,"Peas & Carrots, Club Size",Frozen,No Name,2 kg,6.29,ea,REGULAR
20240520,3140,21289734_EA,21289734,Marble Cheddar Cheese Light,Dairy & Eggs,No Name,400 g,5.99,ea,REGULAR
20240520,3140,20081753_EA,20081753,Regular Garbage Bags Club Size,Household Supplies,No Name,100 ea,14.99,ea,REGULAR
20240520,3140,20957902_EA,20957902,Cheese Flavoured Twists,"Snacks, Chips & Candy",No Name,700 g,4.99,ea,REGULAR
20240520,3140,20080269_EA,20080269,Dehydrated Chopped Onions,Not Available,No Name,80 g,2.49,ea,REGULAR
20240520,3140,20080269_EA,20080269,Dehydrated Chopped Onions,Not Available,No Name,80 g,2.49,ea,REGULAR
20240520,3140,20096883_EA,20096883,All-Beef Wieners,Meat,No Name,450 g,6.0,ea,REGULAR
20240520,3140,20861912_EA,20861912,"Rectangular Roaster, Large",Household Supplies,No Name,1 ea,4.0,ea,REGULAR
20240520,3140,20304191_EA,20304191,Cut Green Beans,Frozen,No Name,750 g,2.59,ea,REGULAR
20240520,3140,20323647_EA,20323647,Whole Green Beans,Frozen,No Name,750 g,2.59,ea,REGULAR
20240520,3140,21546974_EA,21546974,Disinfectant Spray,Household Supplies,No Name,350 g,5.79,ea,REGULAR
20240520,3140,20870562_EA,20870562,Lasagna Pan,Household Supplies,No Name,1 ea,5.0,ea,REGULAR
20240520,3140,20301012_EA,20301012,Mixed Vegetables,Frozen,No Name,750 g,2.59,ea,REGULAR
20240520,3142,20179276_EA,20179276,No.4 Cone Coffee Filters,Not Available,No Name,100 ea,3.49,ea,REGULAR
20240520,3142,20314839005_EA,20314839005,Slow-Cooked Beans In Tomato Sauce,Not Available,No Name,398 ml,0.99,ea,SPECIAL
20240520,3142,20552134003_EA,20552134003,Concentrated Grape Punch,Frozen,No Name,283 ml,1.39,ea,REGULAR
20240520,3142,20795391_EA,20795391,Plain Tops Soda Crackers,"Snacks, Chips & Candy",No Name,454 g,3.29,ea,REGULAR
20240520,3142,20315613006_EA,20315613006,Penne Rigate Pasta,Not Available,No Name,900 g,2.0,ea,REGULAR
20240520,3142,20970999_EA,20970999,2-Ply Hypoallergenic Facial Tissues,Household Supplies,No Name,1 ea,2.0,ea,REGULAR
20240520,3142,20600789_EA,20600789,Whole Tomatoes,Not Available,No Name,796 ml,1.79,ea,REGULAR
20240520,3142,20866993_EA,20866993,"Electric Burner Liners, Small",Household Supplies,No Name,10 ea,3.5,ea,REGULAR
20240520,3142,20618086_EA,20618086,Ground Black Pepper,Not Available,No Name,150 g,2.49,ea,REGULAR
20240520,3142,20046189_EA,20046189,Dill Pickles,Not Available,No Name,1 l,3.29,ea,REGULAR
20240520,3142,20046189_EA,20046189,Dill Pickles,Not Available,No Name,1 l,3.29,ea,REGULAR
20240520,3142,21045311_EA,21045311,"Chicken Wings, Honey Garlic",Frozen,No Name,908 g,13.99,ea,REGULAR
20240520,3142,20963919_EA,20963919,"Bathroom Tissue, 4 Rolls",Household Supplies,No Name,4 ea,2.0,ea,REGULAR
20240520,3142,20174399_EA,20174399,"2-Ply Hypoallergenic Facial Tissues, 6 Boxes, 200 Sheets Each",Household Supplies,No Name,6x1.0 ea,10.99,ea,REGULAR
20240520,3142,21425519_EA,21425519,"Kitchen Garbage Bags Quick-Tie Regular 21 L, 100 Bags",Household Supplies,No Name,100 ea,9.99,ea,REGULAR
20240520,3142,20113422001_EA,20113422001,Whipped Topping,Frozen,No Name,1 l,3.59,ea,REGULAR
20240520,3142,21405449_EA,21405449,Scented Air Freshener Coconut Gel,Household Supplies,No Name,170 g,1.0,ea,REGULAR
20240520,3142,21039704_EA,21039704,"Cocoa, Club Size",Not Available,No Name,454 g,7.99,ea,REGULAR
20240520,3142,21047871_EA,21047871,Cream Cheese Product With Strawberries,Dairy & Eggs,No Name,227 g,3.0,ea,REGULAR
20240520,3143,20996039_EA,20996039,"Roasted Peanuts, No Salt",Fruits & Vegetables,No Name,907 g,6.5,ea,REGULAR
20240520,3143,20742315_EA,20742315,Marble Cheddar Cheese Slices,Dairy & Eggs,No Name,230 g,4.5,ea,REGULAR
20240520,3143,21456014_EA,21456014,Dill Pickle Sour Cream Dip,Dairy & Eggs,No Name,250 g,3.19,ea,REGULAR
20240520,3143,20058286_EA,20058286,"Plastic Wrap, 30m",Household Supplies,No Name,1 ea,2.49,ea,REGULAR
20240520,3143,20315613010_EA,20315613010,Fusilli Pasta,Not Available,No Name,900 g,2.0,ea,REGULAR
20240520,3143,20072342_EA,20072342,100% Canadian Pure Creamed Honey,Not Available,No Name,1 kg,8.99,ea,REGULAR
20240520,3143,20734765_EA,20734765,Flat-Bottomed Lunch Bags ,Household Supplies,No Name,100 ea,4.49,ea,REGULAR
20240520,3143,20002786_EA,20002786,Original Hot Dogs,Meat,No Name,450 g,4.0,ea,REGULAR
20240520,3143,20296118001_EA,20296118001,Tart Shells,Dairy & Eggs,No Name,30 ea,5.99,ea,REGULAR
20240520,3143,20957902_EA,20957902,Cheese Flavoured Twists,"Snacks, Chips & Candy",No Name,700 g,4.99,ea,REGULAR
20240520,3143,20957902_EA,20957902,Cheese Flavoured Twists,"Snacks, Chips & Candy",No Name,700 g,4.99,ea,REGULAR
20240520,3143,21122661_EA,21122661,Southern Fried-Style Coating Mix ,Not Available,No Name,142 g,3.0,ea,REGULAR
20240520,3143,20298199_EA,20298199,Balanced Nutrition Dry Cat Food,Pet Supplies,No Name,8 kg,21.99,ea,REGULAR
20240520,3143,20320439005_EA,20320439005,Peach Drink,Drinks,No Name,2 l,2.0,ea,REGULAR
20240520,3143,21178763_EA,21178763,"Chicken Strips, Club Pack",Frozen,No Name,1810 g,10.99,ea,REGULAR
20240520,3143,20148493002_EA,20148493002,Sliced White Potatoes,Not Available,No Name,540 ml,1.49,ea,REGULAR
20240520,3143,20303890001_EA,20303890001,Refried Pinto Beans ,Not Available,No Name,398 ml,3.0,ea,REGULAR
20240520,3143,20029218_EA,20029218,"3-Flavour Mix Dry Cat Food, Chicken, Turkey & Seafood",Pet Supplies,No Name,8 kg,21.99,ea,REGULAR
20240520,3143,20306897_EA,20306897,"Napkins 1 Ply Club Size, 500 Sheets",Household Supplies,No Name,1 ea,5.49,ea,REGULAR
20240520,3145,21081340_EA,21081340,Beef Rawhide Bagels Dog Treats,Pet Supplies,No Name,1 ea,15.99,ea,REGULAR
20240520,3145,20642581_EA,20642581,Lemon Juice,Drinks,No Name,946 ml,2.29,ea,REGULAR
20240520,3145,20151390_EA,20151390,"Smoked Summer Sausage, Sliced",Deli,No Name,500 g,5.0,ea,REGULAR
20240520,3145,20301246001_EA,20301246001,"Soup Cups, Beef",Not Available,No Name,65 g,0.99,ea,REGULAR
20240520,3145,20065872_EA,20065872,Seasoned Stuffing Mix,Not Available,No Name,120 g,1.49,ea,REGULAR
20240520,3145,20132206_EA,20132206,Margarine Spread,Dairy & Eggs,No Name,454 g,2.79,ea,REGULAR
20240520,3145,20870356_EA,20870356,"Pie Pans, Large",Household Supplies,No Name,1 ea,3.0,ea,REGULAR
20240520,3145,20325561_EA,20325561,Dill Chips Pickles ,Not Available,No Name,1 l,3.29,ea,REGULAR
20240520,3145,20046189_EA,20046189,Dill Pickles,Not Available,No Name,1 l,3.29,ea,REGULAR
20240520,3145,20046189_EA,20046189,Dill Pickles,Not Available,No Name,1 l,3.29,ea,REGULAR
20240520,3145,21315707_EA,21315707,Uncooked Stuffed Breaded Chicken Breast Cutlettes Parmesan,Frozen,No Name,284 g,4.79,ea,REGULAR
20240520,3145,21221013_EA,21221013,Cheddar Flavour Processed Cheese Product Slices,Dairy & Eggs,No Name,800 g,8.49,ea,REGULAR
20240520,3145,21297784_EA,21297784,"Bagel Cinnamon Raisin, 6 pack",Bakery,No Name,510 g,1.97,ea,SPECIAL
20240520,3145,20022248_EA,20022248,All-Purpose Flour,Not Available,No Name,10 kg,11.99,ea,REGULAR
20240520,3145,20177815_EA,20177815,Basket Coffee Filters,Not Available,No Name,100 ea,3.49,ea,REGULAR
20240520,3145,20318062001_EA,20318062001,Salted Blanched Peanuts,"Snacks, Chips & Candy",No Name,500 g,3.99,ea,REGULAR
20240520,3145,20347400001_EA,20347400001,Vanilla Ice Milk Bars,Frozen,No Name,30x60.0 ml,10.0,ea,REGULAR
20240520,3145,20304191_EA,20304191,Cut Green Beans,Frozen,No Name,750 g,2.59,ea,REGULAR
20240520,3149,20996039_EA,20996039,"Roasted Peanuts, No Salt",Fruits & Vegetables,No Name,907 g,6.5,ea,REGULAR
20240520,3149,21289745_EA,21289745,Farmer's Marble Cheese,Dairy & Eggs,No Name,400 g,5.99,ea,REGULAR
20240520,3149,20872407_EA,20872407,Poultry Pan,Household Supplies,No Name,1 ea,2.0,ea,REGULAR
20240520,3149,20322093001_EA,20322093001,Original Waffles,Frozen,No Name,1680 g,12.49,ea,REGULAR
20240520,3149,21060319_EA,21060319,Shredded Part Skimmed Mozzarella,Dairy & Eggs,No Name,320 g,5.79,ea,REGULAR
20240520,3149,20600787_EA,20600787,Diced Tomatoes,Not Available,No Name,796 ml,1.79,ea,REGULAR
20240520,3149,21180125_EA,21180125,Instant Coffee,Drinks,No Name,150 g,4.99,ea,REGULAR
20240520,3149,20944462001_EA,20944462001,Naturally Imperfect Potatoes 15lb,Fruits & Vegetables,No Name,6804 g,6.0,ea,SPECIAL
20240520,3149,20046189_EA,20046189,Dill Pickles,Not Available,No Name,1 l,3.29,ea,REGULAR
20240520,3149,20046189_EA,20046189,Dill Pickles,Not Available,No Name,1 l,3.29,ea,REGULAR
20240520,3149,20618069_EA,20618069,Crushed Red Pepper ,Not Available,No Name,60 g,2.49,ea,REGULAR
20240520,3149,20298199_EA,20298199,Balanced Nutrition Dry Cat Food,Pet Supplies,No Name,8 kg,21.99,ea,REGULAR
20240520,3149,20742451_EA,20742451,Medium Cheddar Cheese Slices,Dairy & Eggs,No Name,230 g,4.5,ea,REGULAR
20240520,3149,20315613002_EA,20315613002,Spaghetti Pasta,Not Available,No Name,900 g,2.0,ea,REGULAR
20240520,3149,20426318_EA,20426318,Walnut Pieces Club Size,Not Available,No Name,1 kg,16.99,ea,REGULAR
20240520,3149,20573474_EA,20573474,Beans with Pork and Molasses,Not Available,No Name,398 ml,0.99,ea,SPECIAL
20240520,3149,21289764_EA,21289764,Medium Cheddar Cheese,Dairy & Eggs,No Name,400 g,5.99,ea,REGULAR
20240520,3149,20304191_EA,20304191,Cut Green Beans,Frozen,No Name,750 g,2.59,ea,REGULAR
20240520,3150,21064398_EA,21064398,10 Original Tortillas,Bakery,No Name,320 g,1.97,ea,SPECIAL
20240520,3150,20306897_EA,20306897,"Napkins 1 Ply Club Size, 500 Sheets",Household Supplies,No Name,1 ea,5.49,ea,REGULAR
20240520,3150,20002659_EA,20002659,Semi-Sweet Chocolate Chips,Not Available,No Name,300 g,3.99,ea,REGULAR
20240520,3150,20946414_EA,20946414,Regular Potato Crisps,"Snacks, Chips & Candy",No Name,150 g,1.69,ea,REGULAR
20240520,3150,20601347_EA,20601347,Whole Plum Tomatoes,Not Available,No Name,796 ml,1.79,ea,REGULAR
20240520,3150,21216994_EA,21216994,Cream Cheese Spread with Everything Bagel Seasoning,Dairy & Eggs,No Name,227 g,3.0,ea,REGULAR
20240520,3150,20425980_EA,20425980,Pecan Halves,Not Available,No Name,400 g,11.49,ea,REGULAR
20240520,3150,20425980_EA,20425980,Pecan Halves,Not Available,No Name,400 g,11.49,ea,REGULAR
20240520,3150,21045313_EA,21045313,"Chicken Wings, Mild BBQ",Frozen,No Name,908 g,13.99,ea,REGULAR
20240520,3150,20322677_EA,20322677,Cheese Flavoured Twists,"Snacks, Chips & Candy",No Name,200 g,2.49,ea,REGULAR
20240520,3150,20165317_EA,20165317,Magic Cleaning Pads,Household Supplies,No Name,2 pack,2.0,ea,REGULAR
20240520,3150,21206261_EA,21206261,18.5Oz Red Beer Cups 50Ct.,Home & Kitchen,No Name,1 ea,4.5,ea,SPECIAL
20240520,3150,21360360_EA,21360360,Condensed Soup Cream Of Celery,Not Available,No Name,284 ml,1.49,ea,REGULAR
20240520,3150,20671499_EA,20671499,Mandarin Orange Segments in Fruit Juice From Concentrate,Not Available,No Name,540 ml,3.99,ea,REGULAR
20240520,3150,21375917_EA,21375917,"Parchment Paper, 10-metre",Household Supplies,No Name,10 ea,2.99,ea,REGULAR
20240520,3150,20297188001_EA,20297188001,Cheese Rice Crackers,"Snacks, Chips & Candy",No Name,100 g,1.49,ea,REGULAR
20240520,3151,21081327_EA,21081327,Beef Rawhide Bones Dog Treats,Pet Supplies,No Name,1 ea,21.99,ea,REGULAR
20240520,3151,20306030_EA,20306030,Original syrup,Not Available,No Name,750 ml,3.29,ea,REGULAR
20240520,3151,20347400004_EA,20347400004,Assorted Cream Bars,Frozen,No Name,30x60.0 ml,10.0,ea,REGULAR
20240520,3151,20158935_EA,20158935,Sweet and Tender Small Peas,Not Available,No Name,284 ml,1.49,ea,REGULAR
20240520,3151,21119993_EA,21119993,Aluminum Foil Heavy-Duty 25',Household Supplies,No Name,1 ea,4.79,ea,REGULAR
20240520,3151,21380616_EA,21380616,Medium Roast Ground Coffee,Drinks,No Name,925 g,8.99,ea,REGULAR
20240520,3151,20618086_EA,20618086,Ground Black Pepper,Not Available,No Name,150 g,2.49,ea,REGULAR
20240520,3151,21013437_EA,21013437,Chocolate Ice Cream Sandwiches,Frozen,No Name,24x120.0 ml,10.0,ea,REGULAR
20240520,3151,21013437_EA,21013437,Chocolate Ice Cream Sandwiches,Frozen,No Name,24x120.0 ml,10.0,ea,REGULAR
20240520,3151,20628585001_EA,20628585001,Clingstone Peach Slices in Juice From Concentrate,Not Available,No Name,398 ml,1.99,ea,REGULAR
20240520,3151,20073675_EA,20073675,68% Vegetable Oil Margarine ,Dairy & Eggs,No Name,907 g,4.99,ea,REGULAR
20240520,3151,20889882_EA,20889882,"Crackers and Cheese, Processed Cheese Product","Snacks, Chips & Candy",No Name,3x29.0 g,1.5,ea,REGULAR
20240520,3151,21097615_EA,21097615,Crushed Pineapple in Pineapple Juice,Not Available,No Name,540 ml,1.79,ea,REGULAR
20240520,3151,21541349_EA,21541349,Fresh Scent Fabric Softener Club Size,Household Supplies,No Name,3.5 l,8.29,ea,REGULAR
20240520,3151,20296118002_EA,20296118002,Sweetened Tart Shells,Dairy & Eggs,No Name,30 ea,5.99,ea,REGULAR
20240520,3151,21104098_EA,21104098,Unscented Cat Litter,Not Available,No Name,10 kg,7.99,ea,REGULAR
20240520,3151,20297188003_EA,20297188003,Original Rice Crackers,"Snacks, Chips & Candy",No Name,100 g,1.49,ea,REGULAR
20240520,3152,20303325_EA,20303325,Whole Wheat Flour,Not Available,No Name,2.5 kg,3.79,ea,REGULAR
20240520,3152,20155093_EA,20155093,Large Drawstring Garbage Bags,Household Supplies,No Name,60 ea,15.99,ea,REGULAR
20240520,3152,20176087_EA,20176087,Salami Chub,Deli,No Name,500 g,6.0,ea,REGULAR
20240520,3152,21180324_EA,21180324,Apple Cider Vinegar Club Size,Not Available,No Name,4 l,4.49,ea,REGULAR
20240520,3152,21360096_EA,21360096,Rich & Chunky Beef Soup,Not Available,No Name,540 ml,2.49,ea,SPECIAL
20240520,3152,20069589_EA,20069589,Long Grain White Rice,Not Available,No Name,2 kg,5.49,ea,REGULAR
20240520,3152,21406992_EA,21406992,Beach Umbrella,Not Available,No Name,1 ea,9.0,ea,SPECIAL
20240520,3152,21013437_EA,21013437,Chocolate Ice Cream Sandwiches,Frozen,No Name,24x120.0 ml,10.0,ea,REGULAR
20240520,3152,21013437_EA,21013437,Chocolate Ice Cream Sandwiches,Frozen,No Name,24x120.0 ml,10.0,ea,REGULAR
20240520,3152,21045311_EA,21045311,"Chicken Wings, Honey Garlic",Frozen,No Name,908 g,13.99,ea,REGULAR
20240520,3152,20298441001_EA,20298441001,Light Marble Cheddar Cheese,Dairy & Eggs,No Name,200 g,3.49,ea,REGULAR
20240520,3152,20889882_EA,20889882,"Crackers and Cheese, Processed Cheese Product","Snacks, Chips & Candy",No Name,3x29.0 g,1.5,ea,REGULAR
20240520,3152,20322176_EA,20322176,Extra Large Pitted Ripe Olives,Not Available,No Name,398 ml,1.79,ea,REGULAR
20240520,3152,20030317_EA,20030317,Sweet Pickled Onions,Not Available,No Name,375 ml,3.0,ea,REGULAR
20240520,3152,20026331_EA,20026331,Soup Mix Chicken Noodle,Not Available,No Name,4x83.0 g,2.49,ea,REGULAR
20240520,3152,20162802_EA,20162802,Square Container 600ml,Home & Kitchen,No Name,7 ea,5.0,ea,REGULAR
20240520,3152,20650548_EA,20650548,Black Mission Figs,Not Available,No Name,375 g,6.79,ea,REGULAR
20240520,3153,21081425_EA,21081425,Beef Rawhide Bones Dog Treats,Pet Supplies,No Name,1 ea,4.99,ea,REGULAR
20240520,3153,20742893_EA,20742893,Swiss Cheese Slices,Dairy & Eggs,No Name,210 g,4.5,ea,REGULAR
20240520,3153,21384145_EA,21384145,Paper Luncheon Plates 40 Pack,Home & Kitchen,No Name,40 ea,5.0,ea,SPECIAL
20240520,3153,20174511_EA,20174511,Parsley Flakes ,Not Available,No Name,85 g,4.49,ea,REGULAR
20240520,3153,20870360_EA,20870360,Storage Containers 20cm x 14cm x 5cm,Household Supplies,No Name,1 ea,5.5,ea,REGULAR
20240520,3153,20813386001_EA,20813386001,Medium Grade A White Eggs,Dairy & Eggs,No Name,12 eggs,4.01,ea,REGULAR
20240520,3153,20096157_EA,20096157,Extra Large Clear Multi Purpose Bags,Household Supplies,No Name,50 ea,15.99,ea,REGULAR
20240520,3153,20311281_EA,20311281,Apple Juice,Drinks,No Name,1.75 l,2.99,ea,REGULAR
20240520,3153,20140914_EA,20140914,Marinated Quartered Artichoke Hearts,Not Available,No Name,170 ml,2.0,ea,REGULAR
20240520,3153,20181003_EA,20181003,All-Purpose Reusable Cloth,Household Supplies,No Name,10 ea,3.5,ea,REGULAR
20240520,3153,20891403_EA,20891403,Stuffed Chicken with Jalapeno & Cheese,Frozen,No Name,284 g,4.99,ea,REGULAR
20240520,3153,20870423_EA,20870423,"Electric Burner Liners, Large",Household Supplies,No Name,6 ea,3.5,ea,REGULAR
20240520,3153,20320439005_EA,20320439005,Peach Drink,Drinks,No Name,2 l,2.0,ea,REGULAR
20240520,3153,20606356_EA,20606356,Honey Graham Wafers,"Snacks, Chips & Candy",No Name,400 g,4.79,ea,REGULAR
20240520,3153,20701746_EA,20701746,"Club Pack Chicken Thighs, Bone-In",Frozen,No Name,2 kg,18.99,ea,REGULAR
20240520,3153,20051787_EA,20051787,Apple Cider Vinegar,Not Available,No Name,500 ml,1.49,ea,REGULAR
20240520,3153,21540823_EA,21540823,Chewy Chocolate Chip Granola Bars,"Snacks, Chips & Candy",No Name,120 g,1.99,ea,REGULAR
20240520,3153,20055519_EA,20055519,2% Cottage Cheese,Dairy & Eggs,No Name,1 kg,6.49,ea,REGULAR
20240520,3155,20047452_EA,20047452,No.2 Cone Coffee Filters,Not Available,No Name,100 ea,3.49,ea,REGULAR
20240520,3155,20217879_EA,20217879,Strawberry Jam with Pectin,Not Available,No Name,1 l,6.99,ea,REGULAR
20240520,3155,20866351_EA,20866351,"Cake Pans, 13x9 """,Household Supplies,No Name,1 ea,4.0,ea,REGULAR
20240520,3155,21213760_EA,21213760,Graham Cracker Pie Crust,Not Available,No Name,170 g,2.79,ea,REGULAR
20240520,3155,21120000_EA,21120000,"Aluminum Foil, Club Pack",Household Supplies,No Name,1 ea,21.99,ea,REGULAR
20240520,3155,21047797_EA,21047797,Light Cream Cheese Product with Herbs & Roasted Garlic ,Dairy & Eggs,No Name,227 g,3.0,ea,REGULAR
20240520,3155,20099795_EA,20099795,Meat Lasagna,Frozen,No Name,2.27 kg,12.0,ea,REGULAR
20240520,3155,20322093001_EA,20322093001,Original Waffles,Frozen,No Name,1680 g,14.49,ea,REGULAR
20240520,3155,21013437_EA,21013437,Chocolate Ice Cream Sandwiches,Frozen,No Name,24x120.0 ml,10.0,ea,REGULAR
20240520,3155,21013437_EA,21013437,Chocolate Ice Cream Sandwiches,Frozen,No Name,24x120.0 ml,10.0,ea,REGULAR
20240520,3155,20102370_EA,20102370,Minced Ginger,Not Available,No Name,120 g,3.29,ea,REGULAR
20240520,3155,20869973_EA,20869973,Square Cake Pans,Household Supplies,No Name,1 ea,4.0,ea,REGULAR
20240520,3155,21189607_EA,21189607,Beef Broth,Not Available,No Name,900 ml,1.69,ea,REGULAR
20240520,3155,20308105002_EA,20308105002,Pasteurized Light Cream Cheese Spread,Dairy & Eggs,No Name,250 g,3.0,ea,REGULAR
20240520,3155,20299886003_EA,20299886003,Garlic Pasta Sauce,Not Available,No Name,680 ml,1.79,ea,REGULAR
20240520,3155,20047715_EA,20047715,100% Extra Virgin Olive Oil,Not Available,No Name,750 ml,11.99,ea,REGULAR
20240520,3155,20312728001_EA,20312728001,Flakes of Ham,Not Available,No Name,156 g,2.0,ea,SPECIAL
20240520,3155,21595310_EA,21595310,Diced Roma Tomatoes,Not Available,No Name,796 ml,2.69,ea,REGULAR
20240520,3156,20944462001_EA,20944462001,Naturally Imperfect Potatoes 15lb,Fruits & Vegetables,No Name,6804 g,6.0,ea,REGULAR
20240520,3156,20944462001_EA,20944462001,Naturally Imperfect Potatoes 15lb,Fruits & Vegetables,No Name,6804 g,6.0,ea,REGULAR
20240520,3240,20118684_EA,20118684,2 Paper Towel Rolls,Household Supplies,No Name,2 ea,2.5,ea,REGULAR
20240520,3240,20685574002_EA,20685574002,"Vanilla, Blueberry, Strawberry & Raspberry 0% M.F. Stirred Yogurt",Dairy & Eggs,No Name,12x100.0 g,5.79,ea,REGULAR
20240520,3240,21033168_EA,21033168,Whole Strawberries,Frozen,No Name,2 kg,14.0,ea,REGULAR
20240520,3240,20119954_EA,20119954,Sweet Gherkins Pickles ,Not Available,No Name,375 ml,2.99,ea,REGULAR
20240520,3240,20303626_EA,20303626,Fudge-Striped Shortbread Cookies,"Snacks, Chips & Candy",No Name,368 g,3.0,ea,SPECIAL
20240520,3240,20685574001_EA,20685574001,Stirred Yogurts 0 % M.F.,Dairy & Eggs,No Name,12x100.0 g,5.79,ea,REGULAR
20240520,3240,20580726_EA,20580726,Dark Chocolate Bar,"Snacks, Chips & Candy",No Name,100 g,1.19,ea,REGULAR
20240520,3240,20016594_EA,20016594,Corn Syrup,Not Available,No Name,1 l,5.49,ea,REGULAR
20240520,3240,20013437002_EA,20013437002,"Baking Cups, Giant White, 50-Pack",Household Supplies,No Name,1 ea,2.0,ea,REGULAR
20240520,3240,21313152_EA,21313152,Extra Crisp English Muffins,Bakery,No Name,390 g,1.99,ea,SPECIAL
20240520,3240,20046189_EA,20046189,Dill Pickles,Not Available,No Name,1 l,3.29,ea,REGULAR
20240520,3240,20675685_EA,20675685,Peach Slices in Fruit Juice From Concentrate,Not Available,No Name,540 ml,3.79,ea,REGULAR
20240520,3240,20675685_EA,20675685,Peach Slices in Fruit Juice From Concentrate,Not Available,No Name,540 ml,3.79,ea,REGULAR
20240520,3240,20618823_EA,20618823,Fruit Cocktail in Light Syrup,Not Available,No Name,796 ml,3.49,ea,REGULAR
20240520,3240,20971002_EA,20971002,"2-Ply Hypoallergenic Facial Tissues, 126 Sheets",Household Supplies,No Name,6x1.0 ea,7.0,ea,REGULAR
20240520,3240,21045704_EA,21045704,"Chicken Wings, Club Pack",Frozen,No Name,1.81 kg,21.99,ea,REGULAR
20240520,3240,20142980_EA,20142980,Shredded Nacho Cheese Blend,Dairy & Eggs,No Name,900 g,14.99,ea,REGULAR
20240520,3240,21431243_EA,21431243,Dinner Roll,Bakery,No Name,420 g,2.99,ea,REGULAR
20240520,3240,21064389_EA,21064389,Chopped Ham Cooked Sliced,Deli,No Name,375 g,6.0,ea,REGULAR
20240520,3240,21545092_EA,21545092,Naturally Imperfect Mango Chunks,Frozen,No Name,400 g,3.0,ea,REGULAR
20240520,3350,20996039_EA,20996039,"Roasted Peanuts, No Salt",Fruits & Vegetables,No Name,907 g,7.0,ea,REGULAR
20240520,3350,20177169002_EA,20177169002,Scoopable Unscented Clumping Cat Litter with Baking Soda,Not Available,No Name,18 kg,9.99,ea,REGULAR
20240520,3350,20866351_EA,20866351,"Cake Pans, 13x9 """,Household Supplies,No Name,1 ea,4.0,ea,REGULAR
20240520,3350,20426138_EA,20426138,Sliced Blanched Almonds ,Not Available,No Name,400 g,7.99,ea,REGULAR
20240520,3350,21289706_EA,21289706,Light Part Skim Mozzarella Cheese,Dairy & Eggs,No Name,400 g,5.99,ea,REGULAR
20240520,3350,21393594_EA,21393594,Dark Roast Coffee Pods,Drinks,No Name,114 g,6.79,ea,REGULAR
20240520,3350,20298374_EA,20298374,Large Zipper Freezer Bags,Household Supplies,No Name,30 ea,6.99,ea,REGULAR
20240520,3350,20326314001_EA,20326314001,Diced Clingstone Peaches in Light Syrup,"Snacks, Chips & Candy",No Name,4x107.0 ml,2.29,ea,REGULAR
20240520,3350,20149018_EA,20149018,Round Container 745ml,Home & Kitchen,No Name,1 ea,5.0,ea,REGULAR
20240520,3350,21384145_EA,21384145,Paper Luncheon Plates 40 Pack,Home & Kitchen,No Name,40 ea,5.0,ea,SPECIAL
20240520,3350,20325830_EA,20325830,"Latex Rubber Gloves, Medium",Household Supplies,No Name,1 ea,2.0,ea,REGULAR
20240520,3350,20060012_EA,20060012,"Burger C/Pack 20'S 5Lb, Club Pack",Frozen,No Name,2.27 kg,19.99,ea,REGULAR
20240520,3350,20060012_EA,20060012,"Burger C/Pack 20'S 5Lb, Club Pack",Frozen,No Name,2.27 kg,19.99,ea,REGULAR
20240520,3350,21291640_EA,21291640,Sardines,Not Available,No Name,106 g,1.49,ea,REGULAR
20240520,3350,20174360002_EA,20174360002,Sweet Green Relish,Not Available,No Name,375 ml,1.49,ea,REGULAR
20240520,3350,20307399_EA,20307399,Light Medium Cheddar Cheese,Dairy & Eggs,No Name,200 g,3.49,ea,REGULAR
20240520,3350,20572093002_EA,20572093002,Hazelnut Crème-Filled Wafers,"Snacks, Chips & Candy",No Name,175 g,1.99,ea,REGULAR
20240520,3350,20307131001_EA,20307131001,Sweetened Shredded Coconut,Not Available,No Name,200 g,2.29,ea,REGULAR
20240520,3350,20304191_EA,20304191,Cut Green Beans,Frozen,No Name,750 g,2.59,ea,REGULAR
20240520,3350,21104098_EA,21104098,Unscented Cat Litter,Not Available,No Name,10 kg,7.99,ea,REGULAR
20240520,3351,20179276_EA,20179276,No.4 Cone Coffee Filters,Not Available,No Name,100 ea,3.49,ea,REGULAR
20240520,3351,20170051_EA,20170051,"Latex Rubber Gloves, Large",Household Supplies,No Name,1 ea,2.0,ea,REGULAR
20240520,3351,20323024_EA,20323024,Fudge-Covered Graham Cookies,"Snacks, Chips & Candy",No Name,350 g,3.0,ea,SPECIAL
20240520,3351,20181225_EA,20181225,"Sweetened Shredded Coconut, Club Size",Not Available,No Name,1 kg,8.99,ea,REGULAR
20240520,3351,20503035004_EA,20503035004,Grape Drink Boxes,Drinks,No Name,10x200.0 ml,3.0,ea,REGULAR
20240520,3351,20647404_EA,20647404,Pitted Dates,Not Available,No Name,500 g,3.99,ea,REGULAR
20240520,3351,20858029_EA,20858029,Fully Cooked Ham,Meat,No Name,800 g,10.29,ea,REGULAR
20240520,3351,21417123_EA,21417123,Large Kitchen Garbage Bags,Household Supplies,No Name,40 ea,5.49,ea,REGULAR
20240520,3351,20324462002_EA,20324462002,Soy Sauce,Not Available,No Name,450 ml,1.99,ea,REGULAR
20240520,3351,20181225_EA,20181225,"Sweetened Shredded Coconut, Club Size",Not Available,No Name,1 kg,8.99,ea,REGULAR
20240520,3351,20046189_EA,20046189,Dill Pickles,Not Available,No Name,1 l,3.29,ea,REGULAR
20240520,3351,20891403_EA,20891403,Stuffed Chicken with Jalapeno & Cheese,Frozen,No Name,284 g,4.79,ea,REGULAR
20240520,3351,20891403_EA,20891403,Stuffed Chicken with Jalapeno & Cheese,Frozen,No Name,284 g,4.79,ea,REGULAR
20240520,3351,20097492_EA,20097492,Whole Mushrooms,Not Available,No Name,284 ml,1.29,ea,REGULAR
20240520,3351,20521655_EA,20521655,Fruit Salad with Cherries in Light Syrup,"Snacks, Chips & Candy",No Name,4x107.0 ml,2.29,ea,REGULAR
20240520,3351,21385281_EA,21385281,Diced Pears,"Snacks, Chips & Candy",No Name,428 g,2.29,ea,REGULAR
20240520,3351,20628489005_EA,20628489005,Thousand Island Dressing,Not Available,No Name,475 ml,2.49,ea,REGULAR
20240520,3351,20628489004_EA,20628489004,French Dressing,Not Available,No Name,475 ml,2.49,ea,REGULAR
20240520,3351,20171693_EA,20171693,Whole Hearts Of Palm,Not Available,No Name,398 ml,3.49,ea,REGULAR
20240520,3351,20056697_EA,20056697,Pure Tomato Paste,Not Available,No Name,369 ml,1.69,ea,REGULAR
20240520,3352,21394636_EA,21394636,No Name To Go Tumbler - Yellow,Home & Kitchen,No Name,1 ea,5.0,ea,REGULAR
20240520,3352,21384158_EA,21384158,Paper Dessert Plates Club Size  ,Home & Kitchen,No Name,125 ea,13.5,ea,REGULAR
20240520,3352,20186720_EA,20186720,1% Plain Stirred Yogurt,Dairy & Eggs,No Name,1 kg,5.29,ea,REGULAR
20240520,3352,20521654_EA,20521654,Mandarin Oranges in Light Syrup,"Snacks, Chips & Candy",No Name,4x107.0 ml,2.49,ea,REGULAR
20240520,3352,20316412_EA,20316412,California Blend Mixed Vegetables,Frozen,No Name,750 g,2.59,ea,REGULAR
20240520,3352,20179960_EA,20179960,Compostable Kitchen Bags for Organics ,Household Supplies,No Name,20 ea,5.49,ea,REGULAR
20240520,3352,20088698001_EA,20088698001,Medium Salsa,Not Available,No Name,430 ml,3.29,ea,REGULAR
20240520,3352,20034427_EA,20034427,100% Canadian Pure Creamed Honey,Not Available,No Name,500 g,5.99,ea,REGULAR
20240520,3352,20975887_EA,20975887,"Pizza Mozzarella Cheese, 28% MF",Dairy & Eggs,No Name,700 g,7.89,ea,REGULAR
20240520,3352,20426875_EA,20426875,Whole Almonds,Not Available,No Name,1 kg,20.99,ea,REGULAR
20240520,3352,20425980_EA,20425980,Pecan Halves,Not Available,No Name,400 g,11.49,ea,REGULAR
20240520,3352,21165861_EA,21165861,Bran Muffin Mix,Not Available,No Name,900 g,4.49,ea,REGULAR
20240520,3352,21013437_EA,21013437,Chocolate Ice Cream Sandwiches,Frozen,No Name,24x120.0 ml,10.0,ea,REGULAR
20240520,3352,21013437_EA,21013437,Chocolate Ice Cream Sandwiches,Frozen,No Name,24x120.0 ml,10.0,ea,REGULAR
20240520,3352,20671325_EA,20671325,Fruit Salad in Fruit Juice from Concentrate,Not Available,No Name,540 ml,3.79,ea,REGULAR
20240520,3352,20556200_EA,20556200,Heavy-Duty & All-Purpose Mixed Scouring Sponges,Household Supplies,No Name,9 ea,4.0,ea,REGULAR
20240520,3352,21351315_EA,21351315,Cooler Bag,Home & Kitchen,No Name,1 ea,10.0,ea,SPECIAL
20240520,3352,20600789_EA,20600789,Whole Tomatoes,Not Available,No Name,796 ml,1.79,ea,REGULAR
20240520,3352,20870641_EA,20870641,Freezer Containers with Lids,Household Supplies,No Name,1 ea,5.0,ea,REGULAR
20240520,3352,20054575_EA,20054575,Elbow Macaroni Pasta,Not Available,No Name,2 kg,4.79,ea,REGULAR
20240520,3352,21208436_EA,21208436,Lemon Furniture Polish,Household Supplies,No Name,275 g,4.99,ea,REGULAR
20240520,3353,20179276_EA,20179276,No.4 Cone Coffee Filters,Not Available,No Name,100 ea,3.49,ea,REGULAR
20240520,3353,20889882_EA,20889882,"Crackers and Cheese, Processed Cheese Product","Snacks, Chips & Candy",No Name,3x29.0 g,1.5,ea,REGULAR
20240520,3353,21082795_EA,21082795,Shredded Nacho Cheese Blend,Dairy & Eggs,No Name,320 g,5.79,ea,REGULAR
20240520,3353,20301246001_EA,20301246001,"Soup Cups, Beef",Not Available,No Name,65 g,0.99,ea,REGULAR
20240520,3353,21529759_EA,21529759,Cold Water Dirt Release Detergent Club Size,Household Supplies,No Name,6 l,14.99,ea,REGULAR
20240520,3353,21406992_EA,21406992,Beach Umbrella,Not Available,No Name,1 ea,9.0,ea,SPECIAL
20240520,3353,20921434001_EA,20921434001,Naturally Imperfect Mixed Sweet Peppers 2.5lb Bag,Fruits & Vegetables,No Name,1.113 kg,6.5,ea,SPECIAL
20240520,3353,20154364_EA,20154364,Long Grain Parboiled Rice,Not Available,No Name,2 kg,5.49,ea,REGULAR
20240520,3353,20326314001_EA,20326314001,Diced Clingstone Peaches in Light Syrup,"Snacks, Chips & Candy",No Name,4x107.0 ml,2.29,ea,REGULAR
20240520,3353,20325921004_EA,20325921004,Lentils,Not Available,No Name,540 ml,1.49,ea,REGULAR
20240520,3353,21013437_EA,21013437,Chocolate Ice Cream Sandwiches,Frozen,No Name,24x120.0 ml,10.0,ea,REGULAR
20240520,3353,20725513_EA,20725513,Deluxe Duster Refills,Household Supplies,No Name,10 ea,7.99,ea,REGULAR
20240520,3353,20725513_EA,20725513,Deluxe Duster Refills,Household Supplies,No Name,10 ea,7.99,ea,REGULAR
20240520,3353,20097492_EA,20097492,Whole Mushrooms,Not Available,No Name,284 ml,1.29,ea,REGULAR
20240520,3353,20963916_EA,20963916,"Bathroom Tissue, 24 Double Rolls",Household Supplies,No Name,1 ea,11.49,ea,REGULAR
20240520,3353,21464491_EA,21464491,"Paper Straws, 50 Straws",Not Available,No Name,50 ea,1.5,ea,REGULAR
20240520,3353,20944462001_EA,20944462001,Naturally Imperfect Potatoes 15lb,Fruits & Vegetables,No Name,6804 g,6.0,ea,SPECIAL
20240520,3353,20618858_EA,20618858,Whipped Dressing,Not Available,No Name,890 ml,3.49,ea,REGULAR
20240520,3353,21540823_EA,21540823,Chewy Chocolate Chip Granola Bars,"Snacks, Chips & Candy",No Name,120 g,1.99,ea,REGULAR
20240520,3353,21030593_EA,21030593,Cheese Pizzas,Frozen,No Name,1740 g,12.99,ea,REGULAR
20240520,3354,20996039_EA,20996039,"Roasted Peanuts, No Salt",Fruits & Vegetables,No Name,907 g,7.0,ea,REGULAR
20240520,3354,20162036_EA,20162036,Yellow Mustard,Not Available,No Name,400 ml,1.29,ea,REGULAR
20240520,3354,20640153_EA,20640153,Pepperoni,Deli,No Name,1 kg,12.0,ea,REGULAR
20240520,3354,20788628_EA,20788628,Calorie-Free Sucralose Sweetener Packets,Not Available,No Name,100 ea,4.79,ea,REGULAR
20240520,3354,20048210_EA,20048210,Corn Chips,"Snacks, Chips & Candy",No Name,200 g,2.49,ea,REGULAR
20240520,3354,20312337001_EA,20312337001,Chicken Bouillon Concentrate,Not Available,No Name,500 ml,6.99,ea,REGULAR
20240520,3354,20921583001_EA,20921583001,Naturally Imperfect Cucumbers 5lb Bag,Fruits & Vegetables,No Name,2.27 kg,8.0,ea,SPECIAL
20240520,3354,21207732_EA,21207732,Lemon Disinfectant All-Purpose Cleaner,Household Supplies,No Name,1.3 l,3.0,ea,REGULAR
20240520,3354,21042473_EA,21042473,Free and Clear Nature Dirt Release Detergent ,Household Supplies,No Name,2.03 l,4.99,ea,REGULAR
20240520,3354,21042473_EA,21042473,Free and Clear Nature Dirt Release Detergent ,Household Supplies,No Name,2.03 l,4.99,ea,REGULAR
20240520,3354,20102426_EA,20102426,Tomato Ketchup,Not Available,No Name,1 l,3.29,ea,REGULAR
20240520,3354,20709856_EA,20709856,Parboiled Rice,Not Available,No Name,8 kg,21.99,ea,REGULAR
20240520,3354,21097602_EA,21097602,Pineapple Tidbits in Pineapple Juice,Not Available,No Name,540 ml,1.79,ea,REGULAR
20240520,3354,20768660_EA,20768660,100% Pure Vegetable Oil,Not Available,No Name,946 ml,5.49,ea,REGULAR
20240520,3354,21595310_EA,21595310,Diced Roma Tomatoes,Not Available,No Name,796 ml,2.69,ea,REGULAR
20240520,3354,20861912_EA,20861912,"Rectangular Roaster, Large",Household Supplies,No Name,1 ea,4.0,ea,REGULAR
20240520,3354,20307131002_EA,20307131002,Sweetened Flaked Coconut,Not Available,No Name,200 g,2.29,ea,REGULAR
20240520,3354,20024022_EA,20024022,5L Streak-Free Glass Cleaner ,Household Supplies,No Name,5 l,9.99,ea,REGULAR
20240520,3355,21012774_EA,21012774,"Lemon Fresh Dishwashing Liquid, Club Pack",Household Supplies,No Name,5 l,9.99,ea,REGULAR
20240520,3355,20047715_EA,20047715,100% Extra Virgin Olive Oil,Not Available,No Name,750 ml,11.99,ea,REGULAR
20240520,3355,20171693_EA,20171693,Whole Hearts Of Palm,Not Available,No Name,398 ml,3.49,ea,REGULAR
20240520,3355,21360075_EA,21360075,Chicken Broth Condensed,Not Available,No Name,284 ml,1.49,ea,REGULAR
20240520,3355,21448475_EA,21448475,Fully Cooked Real Bacon Bits,Not Available,No Name,567 g,16.99,ea,REGULAR
20240520,3355,20293477_EA,20293477,Roasted Peanuts In Shell,Fruits & Vegetables,No Name,2 kg,13.0,ea,REGULAR
20240520,3355,21289765_EA,21289765,Mild Cheddar Cheese,Dairy & Eggs,No Name,400 g,5.99,ea,REGULAR
20240520,3355,20099795_EA,20099795,Meat Lasagna,Frozen,No Name,2.27 kg,13.49,ea,REGULAR
20240520,3355,20099795_EA,20099795,Meat Lasagna,Frozen,No Name,2.27 kg,13.49,ea,REGULAR
20240520,3355,21315707_EA,21315707,Uncooked Stuffed Breaded Chicken Breast Cutlettes Parmesan,Frozen,No Name,284 g,4.79,ea,REGULAR
20240520,3355,20171622_EA,20171622,Pecan Pieces,Not Available,No Name,100 g,3.49,ea,REGULAR
20240520,3355,21042475_EA,21042475,Oxi-Burst Dirt Release Detergent ,Household Supplies,No Name,1.92 l,4.99,ea,REGULAR
20240520,3355,20041626_EA,20041626,Whole Artichoke Hearts,Not Available,No Name,398 ml,3.29,ea,REGULAR
20240520,3355,20867064_EA,20867064,Pot Pie Pans with Lids,Household Supplies,No Name,1 ea,4.0,ea,REGULAR
20240520,3355,20567432_EA,20567432,Tomato Juice,Drinks,No Name,1.36 l,3.29,ea,REGULAR
20240520,3355,20127455001_EA,20127455001,Sliced Blanched Almonds ,Not Available,No Name,100 g,3.29,ea,REGULAR
20240520,3355,21425516_EA,21425516,Drawstring Tall 42.5 L Blue Recycling Kitchen Bags,Household Supplies,No Name,30 ea,7.99,ea,REGULAR
20240520,3402,21394636_EA,21394636,No Name To Go Tumbler - Yellow,Home & Kitchen,No Name,1 ea,5.0,ea,REGULAR
20240520,3402,20430176_EA,20430176,Artificial Vanilla Extract,Not Available,No Name,125 ml,3.29,ea,REGULAR
20240520,3402,20338236_EA,20338236,Celebration Trail Mix,"Snacks, Chips & Candy",No Name,1 kg,10.99,ea,REGULAR
20240520,3402,20026331_EA,20026331,Soup Mix Chicken Noodle,Not Available,No Name,4x83.0 g,2.29,ea,REGULAR
20240520,3402,20425980_EA,20425980,Pecan Halves,Not Available,No Name,400 g,11.49,ea,REGULAR
20240520,3402,21108326_EA,21108326,Zipper Snack Bags,Household Supplies,No Name,80 ea,3.0,ea,REGULAR
20240520,3402,20311281_EA,20311281,Apple Juice,Drinks,No Name,1.75 l,2.99,ea,REGULAR
20240520,3402,20765349_EA,20765349,Stringable Cheese Marble,Dairy & Eggs,No Name,336 g,7.99,ea,REGULAR
20240520,3402,20297188002_EA,20297188002,Barbecue Rice Crackers,"Snacks, Chips & Candy",No Name,100 g,1.69,ea,REGULAR
20240520,3402,20303890001_EA,20303890001,Refried Pinto Beans ,Not Available,No Name,398 ml,3.0,ea,REGULAR
20240520,3402,20552134003_EA,20552134003,Concentrated Grape Punch,Frozen,No Name,283 ml,1.59,ea,REGULAR
20240520,3402,20671325_EA,20671325,Fruit Salad in Fruit Juice from Concentrate,Not Available,No Name,540 ml,3.79,ea,REGULAR
20240520,3402,20325830_EA,20325830,"Latex Rubber Gloves, Medium",Household Supplies,No Name,1 ea,2.0,ea,REGULAR
20240520,3402,20325830_EA,20325830,"Latex Rubber Gloves, Medium",Household Supplies,No Name,1 ea,2.0,ea,REGULAR
20240520,3402,20102426_EA,20102426,Tomato Ketchup,Not Available,No Name,1 l,3.29,ea,REGULAR
20240520,3402,20128123_EA,20128123,Miniature Cobs of Corn,Not Available,No Name,398 ml,1.79,ea,REGULAR
20240520,3402,20911282_EA,20911282,Cream Cheese Spread with Herbs & Roasted Garlic,Dairy & Eggs,No Name,340 g,4.89,ea,REGULAR
20240520,3402,20017763_EA,20017763,Marinated Mixed Bean Salad,Not Available,No Name,540 ml,1.99,ea,REGULAR
20240520,3402,20189239_EA,20189239,Square Container 930ml,Home & Kitchen,No Name,6 ea,5.0,ea,REGULAR
20240520,3402,21308578_EA,21308578,Black Oil & Striped Sunflower Wild Bird Seed Mix,Pet Supplies,No Name,4 kg,13.99,ea,REGULAR
20240520,3402,20618858_EA,20618858,Whipped Dressing,Not Available,No Name,890 ml,3.69,ea,REGULAR
20240520,3403,21394636_EA,21394636,No Name To Go Tumbler - Yellow,Home & Kitchen,No Name,1 ea,5.0,ea,REGULAR
20240520,3403,20161576_EA,20161576,"Lemon Scent Dirt Release Powder Laundry Detergent, Club Pack",Household Supplies,No Name,14.5 kg,23.99,ea,REGULAR
20240520,3403,20310518_EA,20310518,Raspberry Jam with Pectin,Not Available,No Name,1 l,6.99,ea,REGULAR
20240520,3403,20047715_EA,20047715,100% Extra Virgin Olive Oil,Not Available,No Name,750 ml,11.99,ea,REGULAR
20240520,3403,20154815_EA,20154815,"Mennonite Style Sausage, Club Pack",Meat,No Name,1 kg,17.0,ea,REGULAR
20240520,3403,21529754_EA,21529754,Macaroni and Cheese Dinner,Not Available,No Name,200 g,0.79,ea,REGULAR
20240520,3403,20030317_EA,20030317,Sweet Pickled Onions,Not Available,No Name,375 ml,2.99,ea,REGULAR
20240520,3403,20601347_EA,20601347,Whole Plum Tomatoes,Not Available,No Name,796 ml,1.79,ea,REGULAR
20240520,3403,21545106_EA,21545106,Naturally Imperfect Sliced Strawberries,Frozen,No Name,400 g,3.0,ea,REGULAR
20240520,3403,20325830_EA,20325830,"Latex Rubber Gloves, Medium",Household Supplies,No Name,1 ea,2.0,ea,REGULAR
20240520,3403,20325830_EA,20325830,"Latex Rubber Gloves, Medium",Household Supplies,No Name,1 ea,2.0,ea,REGULAR
20240520,3403,21045713_EA,21045713,"Chicken Wings, Medium BBQ",Frozen,No Name,908 g,12.99,ea,REGULAR
20240520,3403,20618079_EA,20618079,Onion Salt,Not Available,No Name,200 g,2.49,ea,REGULAR
20240520,3403,20217879_EA,20217879,Strawberry Jam with Pectin,Not Available,No Name,1 l,6.99,ea,REGULAR
20240520,3403,21045698_EA,21045698,"Honey Garlic Chicken Wings, Club Pack",Frozen,No Name,1.81 kg,21.99,ea,REGULAR
20240520,3403,21218696_EA,21218696,Streak-Free Glass Cleaner ,Household Supplies,No Name,765 ml,2.0,ea,REGULAR
20240520,3403,21360360_EA,21360360,Condensed Soup Cream Of Celery,Not Available,No Name,284 ml,1.49,ea,REGULAR
20240520,3403,20872407_EA,20872407,Poultry Pan,Household Supplies,No Name,1 ea,2.0,ea,REGULAR
20240520,3403,21509610_EA,21509610,Original Bread,Bakery,No Name,520 g,1.99,ea,REGULAR
20240520,3405,20921583001_EA,20921583001,Naturally Imperfect Cucumbers 5lb Bag,Fruits & Vegetables,No Name,2.27 kg,4.97,ea,REGULAR
20240520,3405,20921583001_EA,20921583001,Naturally Imperfect Cucumbers 5lb Bag,Fruits & Vegetables,No Name,2.27 kg,4.97,ea,REGULAR
20240520,3408,20047452_EA,20047452,No.2 Cone Coffee Filters,Not Available,No Name,100 ea,3.49,ea,REGULAR
20240520,3408,20301126_EA,20301126,Baby Dill Pickles ,Not Available,No Name,1 l,3.29,ea,REGULAR
20240520,3408,20155030_EA,20155030,"Bologna, Thick",Deli,No Name,500 g,5.0,ea,REGULAR
20240520,3408,20029821_EA,20029821,Micro Fibre Cloth,Household Supplies,No Name,1 ea,4.0,ea,REGULAR
20240520,3408,20119954_EA,20119954,Sweet Gherkins Pickles ,Not Available,No Name,375 ml,2.99,ea,REGULAR
20240520,3408,20788628_EA,20788628,Calorie-Free Sucralose Sweetener Packets,Not Available,No Name,100 ea,4.79,ea,REGULAR
20240520,3408,20161396_EA,20161396,"Peas & Carrots, Club Size",Frozen,No Name,2 kg,6.29,ea,REGULAR
20240520,3408,20164488_EA,20164488,Sustainably Sourced Wild Pacific Pink Salmon,Not Available,No Name,213 g,3.49,ea,REGULAR
20240520,3408,21099682_EA,21099682,Onion Mix for Soup & Recipe 4 x 28g,Not Available,No Name,28 g,2.29,ea,REGULAR
20240520,3408,20325830_EA,20325830,"Latex Rubber Gloves, Medium",Household Supplies,No Name,1 ea,2.0,ea,REGULAR
20240520,3408,20325830_EA,20325830,"Latex Rubber Gloves, Medium",Household Supplies,No Name,1 ea,2.0,ea,REGULAR
20240520,3408,21291640_EA,21291640,Sardines,Not Available,No Name,106 g,1.49,ea,REGULAR
20240520,3408,20093190_EA,20093190,Lasagna Pasta,Not Available,No Name,500 g,2.49,ea,REGULAR
20240520,3408,20617951_EA,20617951,Whole Cashews,Not Available,No Name,100 g,3.49,ea,REGULAR
20240520,3408,20130540_EA,20130540,"Bologna, Sliced All Beef",Deli,No Name,175 g,4.0,ea,REGULAR
20240520,3408,21216994_EA,21216994,Cream Cheese Spread with Everything Bagel Seasoning,Dairy & Eggs,No Name,227 g,3.0,ea,REGULAR
20240520,3408,21563294_EA,21563294,Canola Oil Cooking Spray,Not Available,No Name,170 g,2.79,ea,REGULAR
20240520,3408,20083786_EA,20083786,Charcoal Starter,Home & Kitchen,No Name,1 ea,3.99,ea,SPECIAL
20240520,3408,20046195_EA,20046195,Tricolour Rotini Pasta,Not Available,No Name,1.81 kg,4.49,ea,REGULAR
20240520,3410,20975789_EA,20975789,"Medium Cheddar Cheese, Light",Dairy & Eggs,No Name,700 g,7.89,ea,REGULAR
20240520,3410,21464622_EA,21464622,Multi Surface Disinfecting Cleaner,Household Supplies,No Name,650 ml,2.99,ea,REGULAR
20240520,3410,20318062001_EA,20318062001,Salted Blanched Peanuts,"Snacks, Chips & Candy",No Name,500 g,4.49,ea,REGULAR
20240520,3410,20158935_EA,20158935,Sweet and Tender Small Peas,Not Available,No Name,284 ml,1.49,ea,REGULAR
20240520,3410,20105565_EA,20105565,Unsweetened Pineapple Juice,Drinks,No Name,1.36 l,3.99,ea,REGULAR
20240520,3410,20642581_EA,20642581,Lemon Juice,Drinks,No Name,946 ml,2.49,ea,REGULAR
20240520,3410,20103516_EA,20103516,Chicken Bologna,Deli,No Name,375 g,3.0,ea,REGULAR
20240520,3410,21529754_EA,21529754,Macaroni and Cheese Dinner,Not Available,No Name,200 g,0.99,ea,REGULAR
20240520,3410,21529754_EA,21529754,Macaroni and Cheese Dinner,Not Available,No Name,200 g,0.99,ea,REGULAR
20240520,3410,20295614_EA,20295614,Whole Wheat Flour,Not Available,No Name,5 kg,6.49,ea,REGULAR
20240520,3410,20701744_EA,20701744,"Club Pack Chicken Wings, Split",Frozen,No Name,2 kg,29.99,ea,REGULAR
20240520,3410,20648026_EA,20648026,Sultana Raisins,Not Available,No Name,375 g,4.79,ea,REGULAR
20240520,3410,20742372_EA,20742372,Mozzarella 100% Real Cheese Slices ,Dairy & Eggs,No Name,230 g,4.5,ea,REGULAR
20240520,3410,20010496_EA,20010496,Pineapple Sauce,Not Available,No Name,350 ml,2.49,ea,REGULAR
20240520,3410,20870350_EA,20870350,"Lasagna Pans, Giant",Household Supplies,No Name,2 ea,5.0,ea,REGULAR
20240520,3410,20969990001_EA,20969990001,Naturally Imperfect Green Peppers 2.5lb Bag,Fruits & Vegetables,No Name,1130 g,6.0,ea,REGULAR
20240520,3410,20845247_EA,20845247,"Cheese, Pizza Mozzarella",Dairy & Eggs,No Name,2.4 kg,29.99,ea,REGULAR
20240520,3413,20047452_EA,20047452,No.2 Cone Coffee Filters,Not Available,No Name,100 ea,3.49,ea,REGULAR
20240520,3413,21030802_EA,21030802,Unbleached All-Purpose Flour,Not Available,No Name,2.5 kg,3.77,ea,REGULAR
20240520,3413,21405449_EA,21405449,Scented Air Freshener Coconut Gel,Household Supplies,No Name,170 g,1.0,ea,REGULAR
20240520,3413,21406553_EA,21406553,"Potatoes, Sour Cream & Chives Perogies",Frozen,No Name,907 g,2.49,ea,REGULAR
20240520,3413,21376971_EA,21376971,Chicken Concentrate,Not Available,No Name,250 ml,5.29,ea,REGULAR
20240520,3413,20013832_EA,20013832,Twist Ties Kitchen Garbage Bags,Household Supplies,No Name,24 ea,4.49,ea,REGULAR
20240520,3413,21396647_EA,21396647,Worcestershire Sauce,Not Available,No Name,295 ml,2.49,ea,SPECIAL
20240520,3413,20316375005_EA,20316375005,Chocolate Chips Waffles,Frozen,No Name,280 g,2.5,ea,REGULAR
20240520,3413,20154815_EA,20154815,"Mennonite Style Sausage, Club Pack",Meat,No Name,1 kg,17.0,ea,REGULAR
20240520,3413,20309769_EA,20309769,Shredded Cheddar & Monterey Jack Cheese Blend,Dairy & Eggs,No Name,900 g,14.99,ea,REGULAR
20240520,3413,21529754_EA,21529754,Macaroni and Cheese Dinner,Not Available,No Name,200 g,0.99,ea,REGULAR
20240520,3413,20132840_EA,20132840,Thyme Leaves,Not Available,No Name,45 g,2.49,ea,REGULAR
20240520,3413,20132840_EA,20132840,Thyme Leaves,Not Available,No Name,45 g,2.49,ea,REGULAR
20240520,3413,20102426_EA,20102426,Tomato Ketchup,Not Available,No Name,1 l,3.29,ea,REGULAR
20240520,3413,21545092_EA,21545092,Naturally Imperfect Mango Chunks,Frozen,No Name,400 g,3.0,ea,REGULAR
20240520,3413,20870530_EA,20870530,"Pie Plates, 8""",Household Supplies,No Name,1 ea,3.5,ea,REGULAR
20240520,3413,20647362_EA,20647362,Pitted Prunes,Not Available,No Name,375 g,6.79,ea,REGULAR
20240520,3413,20302205_EA,20302205,Mixed Garden Vegetables,Frozen,No Name,750 g,2.59,ea,REGULAR
20240520,3413,20090732_EA,20090732,"Bologna, Sliced",Deli,No Name,500 g,5.0,ea,REGULAR
20240520,3413,21393594_EA,21393594,Dark Roast Coffee Pods,Drinks,No Name,114 g,6.79,ea,REGULAR
20240520,3414,20179276_EA,20179276,No.4 Cone Coffee Filters,Not Available,No Name,100 ea,3.49,ea,REGULAR
20240520,3414,21563188_EA,21563188,"Canola Oil Cooking Spray, Club Size",Not Available,No Name,400 g,4.49,ea,REGULAR
20240520,3414,20872407_EA,20872407,Poultry Pan,Household Supplies,No Name,1 ea,2.0,ea,REGULAR
20240520,3414,20079578_EA,20079578,Mushrooms Pieces & Stems,Not Available,No Name,284 ml,1.29,ea,REGULAR
20240520,3414,20861912_EA,20861912,"Rectangular Roaster, Large",Household Supplies,No Name,1 ea,4.0,ea,REGULAR
20240520,3414,20298441001_EA,20298441001,Light Marble Cheddar Cheese,Dairy & Eggs,No Name,200 g,3.99,ea,REGULAR
20240520,3414,20557208_EA,20557208,Heavy Duty Scouring Sponges,Household Supplies,No Name,6 ea,5.0,ea,REGULAR
20240520,3414,21313145_EA,21313145,Whole Wheat English Muffins,Bakery,No Name,450 g,1.99,ea,SPECIAL
20240520,3414,21302943_EA,21302943,Dill Pickle Potato Chips,"Snacks, Chips & Candy",No Name,200 g,1.49,ea,REGULAR
20240520,3414,20295818_EA,20295818,Peas and Carrots,Frozen,No Name,750 g,2.59,ea,REGULAR
20240520,3414,21313152_EA,21313152,Extra Crisp English Muffins,Bakery,No Name,390 g,1.99,ea,SPECIAL
20240520,3414,20323322_EA,20323322,"Peas, Assorted Sizes ",Not Available,No Name,398 ml,1.29,ea,REGULAR
20240520,3414,20323322_EA,20323322,"Peas, Assorted Sizes ",Not Available,No Name,398 ml,1.29,ea,REGULAR
20240520,3414,20323261_EA,20323261,Oven-ready Lasagna Pasta,Not Available,No Name,375 g,2.49,ea,REGULAR
20240520,3414,20058192_EA,20058192,Chicken Hot Dogs,Meat,No Name,450 g,3.0,ea,REGULAR
20240520,3414,20297188001_EA,20297188001,Cheese Rice Crackers,"Snacks, Chips & Candy",No Name,100 g,1.69,ea,REGULAR
20240520,3414,20870641_EA,20870641,Freezer Containers with Lids,Household Supplies,No Name,1 ea,5.0,ea,REGULAR
20240520,3414,20300473_EA,20300473,Baby Dill Pickles With Garlic,Not Available,No Name,1 l,3.29,ea,REGULAR
20240520,3414,21509597_EA,21509597,100% Whole Wheat Bread,Bakery,No Name,520 g,1.99,ea,REGULAR
20240520,3414,21455936_EA,21455936,Herb and Spice Sour Cream Dip,Dairy & Eggs,No Name,250 g,3.19,ea,REGULAR
20240520,3415,21081459_EA,21081459,Rawhide Bone Dog Treat,Pet Supplies,No Name,1 ea,3.29,ea,REGULAR
20240520,3415,21124368001_EA,21124368001,Naturally Imperfect Limes,Fruits & Vegetables,No Name,907 g,6.0,ea,SPECIAL
20240520,3415,21120002_EA,21120002,Plastic Wrap ,Household Supplies,No Name,1 ea,3.99,ea,REGULAR
20240520,3415,20322677_EA,20322677,Cheese Flavoured Twists,"Snacks, Chips & Candy",No Name,200 g,2.49,ea,REGULAR
20240520,3415,20303626_EA,20303626,Fudge-Striped Shortbread Cookies,"Snacks, Chips & Candy",No Name,368 g,3.0,ea,SPECIAL
20240520,3415,21405448_EA,21405448,Scented Air Freshener Lavender Gel,Household Supplies,No Name,170 g,1.0,ea,REGULAR
20240520,3415,20180368002_EA,20180368002,Blueberry Waffles,Frozen,No Name,560 g,4.99,ea,REGULAR
20240520,3415,21313145_EA,21313145,Whole Wheat English Muffins,Bakery,No Name,450 g,2.69,ea,REGULAR
20240520,3415,21313145_EA,21313145,Whole Wheat English Muffins,Bakery,No Name,450 g,2.69,ea,REGULAR
20240520,3415,21045309_EA,21045309,Salt & Pepper Chicken Wings,Frozen,No Name,908 g,12.99,ea,REGULAR
20240520,3415,21408022_EA,21408022,Beach Towel,Home & Kitchen,No Name,1 ea,8.0,ea,SPECIAL
20240520,3415,20573474_EA,20573474,Beans with Pork and Molasses,Not Available,No Name,398 ml,0.99,ea,SPECIAL
20240520,3415,20034427_EA,20034427,100% Canadian Pure Creamed Honey,Not Available,No Name,500 g,5.99,ea,REGULAR
20240520,3415,20911282_EA,20911282,Cream Cheese Spread with Herbs & Roasted Garlic,Dairy & Eggs,No Name,340 g,4.89,ea,REGULAR
20240520,3415,21507048_EA,21507048,"Bleach, Lemon Scent",Household Supplies,No Name,1.27 l,2.49,ea,REGULAR
20240520,3415,20860677_EA,20860677,Iced Tea,Drinks,No Name,1.75 l,2.29,ea,REGULAR
20240520,3415,20051959_EA,20051959,"Salami, Sliced",Deli,No Name,500 g,5.0,ea,REGULAR
20240520,3417,21394636_EA,21394636,No Name To Go Tumbler - Yellow,Home & Kitchen,No Name,1 ea,5.0,ea,REGULAR
20240520,3417,20793444001_EA,20793444001,Chocolate Ice Milk ,Frozen,No Name,4 l,5.99,ea,REGULAR
20240520,3417,20129324_EA,20129324,Pure 100% Canadian Liquid Honey,Not Available,No Name,500 g,5.99,ea,REGULAR
20240520,3417,20142195_EA,20142195,Dishwasher Rinse Agent,Household Supplies,No Name,250 ml,3.99,ea,REGULAR
20240520,3417,21450545_EA,21450545,Dark Roast Peanut Butter ,Not Available,No Name,1 kg,4.89,ea,REGULAR
20240520,3417,20010388_EA,20010388,100% Pure Corn Oil,Not Available,No Name,3 l,12.99,ea,REGULAR
20240520,3417,20768660_EA,20768660,100% Pure Vegetable Oil,Not Available,No Name,946 ml,5.49,ea,REGULAR
20240520,3417,20742451_EA,20742451,Medium Cheddar Cheese Slices,Dairy & Eggs,No Name,230 g,4.5,ea,REGULAR
20240520,3417,20120683_EA,20120683,Tomato Sauce    ,Not Available,No Name,680 ml,1.79,ea,REGULAR
20240520,3417,20305292_EA,20305292,Cream-Style Corn,Not Available,No Name,398 ml,1.29,ea,REGULAR
20240520,3417,20140914_EA,20140914,Marinated Quartered Artichoke Hearts,Not Available,No Name,170 ml,2.0,ea,REGULAR
20240520,3417,20618890_EA,20618890,Clingstone Peach Slices in Light Syrup,Not Available,No Name,796 ml,3.49,ea,REGULAR
20240520,3417,21313152_EA,21313152,Extra Crisp English Muffins,Bakery,No Name,390 g,1.99,ea,SPECIAL
20240520,3417,21313152_EA,21313152,Extra Crisp English Muffins,Bakery,No Name,390 g,1.99,ea,SPECIAL
20240520,3417,20092062_EA,20092062,Semi-Sweet Chocolate Chips,Not Available,No Name,1 kg,10.49,ea,REGULAR
20240520,3417,20323647_EA,20323647,Whole Green Beans,Frozen,No Name,750 g,2.59,ea,REGULAR
20240520,3417,20058865_EA,20058865,Salted Blanched Peanuts,"Snacks, Chips & Candy",No Name,2 kg,13.49,ea,REGULAR
20240520,3417,20788827_EA,20788827,Granulated Calorie-Free Sucralose Sweetener,Not Available,No Name,275 g,8.49,ea,REGULAR
20240520,3417,20141395_EA,20141395,Extra Virgin Olive Oil Club Size,Not Available,No Name,3 l,45.99,ea,REGULAR
20240520,3417,20139160_EA,20139160,Margarine,Dairy & Eggs,No Name,3 kg,14.49,ea,REGULAR
20240520,3417,21529759_EA,21529759,Cold Water Dirt Release Detergent Club Size,Household Supplies,No Name,6 l,14.99,ea,REGULAR
20240520,3419,20047452_EA,20047452,No.2 Cone Coffee Filters,Not Available,No Name,100 ea,3.49,ea,REGULAR
20240520,3419,20031065002_EA,20031065002,Ice Pops,Frozen,No Name,30x75.0 ml,6.29,ea,REGULAR
20240520,3419,20554593_EA,20554593,Dark Red Kidney Beans,Not Available,No Name,540 ml,1.49,ea,REGULAR
20240520,3419,21119986_EA,21119986,Aluminum Foil 25ft,Household Supplies,No Name,1 ea,2.5,ea,REGULAR
20240520,3419,21386780_EA,21386780,Fresh Scent Disinfectant Wipes,Household Supplies,No Name,75 ea,3.99,ea,REGULAR
20240520,3419,20064230_EA,20064230,"Beef Bologna, Sliced",Deli,No Name,500 g,5.0,ea,REGULAR
20240520,3419,20788628_EA,20788628,Calorie-Free Sucralose Sweetener Packets,Not Available,No Name,100 ea,4.79,ea,REGULAR
20240520,3419,21545097_EA,21545097,Naturally Imperfect Cultivated Blueberries,Frozen,No Name,300 g,3.0,ea,REGULAR
20240520,3419,20301012_EA,20301012,Mixed Vegetables,Frozen,No Name,750 g,2.59,ea,REGULAR
20240520,3419,20301012_EA,20301012,Mixed Vegetables,Frozen,No Name,750 g,2.59,ea,REGULAR
20240520,3419,21045713_EA,21045713,"Chicken Wings, Medium BBQ",Frozen,No Name,908 g,12.99,ea,REGULAR
20240520,3419,21343196_EA,21343196,Blueberry Bagel 6 Pack ,Bakery,No Name,450 g,2.49,ea,REGULAR
20240520,3419,20618836_EA,20618836,Fruit Cocktail in Mixed Fruit Juice from Concentrate,Not Available,No Name,398 ml,1.99,ea,REGULAR
20240520,3419,20002786_EA,20002786,Original Hot Dogs,Meat,No Name,450 g,5.0,ea,REGULAR
20240520,3419,20301246003_EA,20301246003,Shrimp Flavour Instant Noodle Soup,Not Available,No Name,65 g,0.99,ea,REGULAR
20240520,3419,20311578001_EA,20311578001,Multi-Coloured Mini Marshmallows,Not Available,No Name,400 g,2.5,ea,SPECIAL
20240520,3419,21217970_EA,21217970,Bagel Plain 6 Pack,Bakery,No Name,510 g,2.49,ea,REGULAR
20240520,3419,20742451_EA,20742451,Medium Cheddar Cheese Slices,Dairy & Eggs,No Name,230 g,4.5,ea,REGULAR
20240520,3420,20047452_EA,20047452,No.2 Cone Coffee Filters,Not Available,No Name,100 ea,3.49,ea,REGULAR
20240520,3420,20963916_EA,20963916,"Bathroom Tissue, 24 Double Rolls",Household Supplies,No Name,1 ea,11.49,ea,REGULAR
20240520,3420,21217965_EA,21217965,Bagel Cinnamon Raisin 6 Pack,Bakery,No Name,510 g,2.49,ea,REGULAR
20240520,3420,20503035003_EA,20503035003,Fruit Punch Juice Boxes,Drinks,No Name,10x200.0 ml,3.29,ea,REGULAR
20240520,3420,20185642_EA,20185642,California Blend Veggies,Frozen,No Name,2 kg,6.29,ea,REGULAR
20240520,3420,21207731_EA,21207731,Fresh Disinfectant All-Purpose Cleaner,Household Supplies,No Name,1.3 l,3.0,ea,REGULAR
20240520,3420,20964652_EA,20964652,"Bathroom Tissue, 12 Rolls",Household Supplies,No Name,12 ea,5.0,ea,REGULAR
20240520,3420,21097609_EA,21097609,Sliced Pineapple in Pineapple Juice,Not Available,No Name,540 ml,1.79,ea,REGULAR
20240520,3420,21302943_EA,21302943,Dill Pickle Potato Chips,"Snacks, Chips & Candy",No Name,200 g,1.49,ea,REGULAR
20240520,3420,20032552001_EA,20032552001,Strawberry Jam With Pectin,Not Available,No Name,500 ml,3.79,ea,REGULAR
20240520,3420,20557208_EA,20557208,Heavy Duty Scouring Sponges,Household Supplies,No Name,6 ea,5.0,ea,REGULAR
20240520,3420,20617954_EA,20617954,Ground White Pepper,Not Available,No Name,110 g,2.49,ea,REGULAR
20240520,3420,20301012_EA,20301012,Mixed Vegetables,Frozen,No Name,750 g,2.59,ea,REGULAR
20240520,3420,20301012_EA,20301012,Mixed Vegetables,Frozen,No Name,750 g,2.59,ea,REGULAR
20240520,3420,21061463_EA,21061463,All-Purpose Flour,Not Available,No Name,1 kg,2.79,ea,REGULAR
20240520,3420,20618071_EA,20618071,Fruit Cocktail in Mixed Fruit Juice from Concentrate,Not Available,No Name,796 ml,3.49,ea,REGULAR
20240520,3420,20186720_EA,20186720,1% Plain Stirred Yogurt,Dairy & Eggs,No Name,1 kg,5.29,ea,REGULAR
20240520,3420,20013437002_EA,20013437002,"Baking Cups, Giant White, 50-Pack",Household Supplies,No Name,1 ea,2.0,ea,REGULAR
20240520,3420,20325263_EA,20325263,Polskie Ogórki Dill Pickles,Not Available,No Name,1 l,3.29,ea,REGULAR
20240520,3420,20725295_EA,20725295,Lemon Scented Wet Mop Refills With Scrubber Strip,Household Supplies,No Name,12 ea,5.0,ea,REGULAR
20240520,3420,20295818_EA,20295818,Peas and Carrots,Frozen,No Name,750 g,2.59,ea,REGULAR
20240520,3422,20179276_EA,20179276,No.4 Cone Coffee Filters,Not Available,No Name,100 ea,3.49,ea,REGULAR
20240520,3422,20029821_EA,20029821,Micro Fibre Cloth,Household Supplies,No Name,1 ea,4.0,ea,REGULAR
20240520,3422,20606356_EA,20606356,Honey Graham Wafers,"Snacks, Chips & Candy",No Name,400 g,4.79,ea,REGULAR
20240520,3422,20015818_EA,20015818,Pepperoni,Deli,No Name,500 g,6.0,ea,REGULAR
20240520,3422,20299735_EA,20299735,Regular Quick-Tie Kitchen Garbage Bags ,Household Supplies,No Name,48 ea,5.99,ea,REGULAR
20240520,3422,21316059_EA,21316059,Crunchy Onion Flavoured Rings ,"Snacks, Chips & Candy",No Name,200 g,2.49,ea,REGULAR
20240520,3422,20319825_EA,20319825,"Green Peas, Club Size",Frozen,No Name,2 kg,6.29,ea,REGULAR
20240520,3422,20029821_EA,20029821,Micro Fibre Cloth,Household Supplies,No Name,1 ea,4.0,ea,REGULAR
20240520,3422,20939699_EA,20939699,Plastic Cups 9Oz ( Pack Of 40),Home & Kitchen,No Name,1 ea,5.0,ea,REGULAR
20240520,3422,20503035003_EA,20503035003,Fruit Punch Juice Boxes,Drinks,No Name,10x200.0 ml,3.29,ea,REGULAR
20240520,3422,20503035003_EA,20503035003,Fruit Punch Juice Boxes,Drinks,No Name,10x200.0 ml,3.29,ea,REGULAR
20240520,3422,20671325_EA,20671325,Fruit Salad in Fruit Juice from Concentrate,Not Available,No Name,540 ml,3.79,ea,REGULAR
20240520,3422,21343196_EA,21343196,Blueberry Bagel 6 Pack ,Bakery,No Name,450 g,1.99,ea,SPECIAL
20240520,3422,20302135_EA,20302135,Assorted Sizes Cut Green Beans,Not Available,No Name,398 ml,1.29,ea,REGULAR
20240520,3422,20701744_EA,20701744,"Club Pack Chicken Wings, Split",Frozen,No Name,2 kg,29.99,ea,REGULAR
20240520,3422,20015714_EA,20015714,Summer Sausage Chub,Deli,No Name,500 g,6.0,ea,REGULAR
20240520,3422,20300473_EA,20300473,Baby Dill Pickles With Garlic,Not Available,No Name,1 l,3.29,ea,REGULAR
20240520,3422,20104287_EA,20104287,Medium Grain Calrose Rice,Not Available,No Name,2 kg,7.99,ea,REGULAR
20240520,3422,20142980_EA,20142980,Shredded Nacho Cheese Blend,Dairy & Eggs,No Name,900 g,14.99,ea,REGULAR
20240520,3430,20179276_EA,20179276,No.4 Cone Coffee Filters,Not Available,No Name,100 ea,3.49,ea,REGULAR
20240520,3430,21119986_EA,21119986,Aluminum Foil 25ft,Household Supplies,No Name,1 ea,2.5,ea,REGULAR
20240520,3430,20866351_EA,20866351,"Cake Pans, 13x9 """,Household Supplies,No Name,1 ea,4.0,ea,REGULAR
20240520,3430,21384127_EA,21384127,Paper Dessert Plates 40 ,Home & Kitchen,No Name,40 ea,5.5,ea,REGULAR
20240520,3430,21457728_EA,21457728,Prepared Yellow Mustard,Not Available,No Name,550 ml,1.89,ea,REGULAR
20240520,3430,20323762001_EA,20323762001,"Potato and Cheddar Perogies, Club Size",Frozen,No Name,2 kg,4.99,ea,REGULAR
20240520,3430,20312337001_EA,20312337001,Chicken Bouillon Concentrate,Not Available,No Name,500 ml,6.99,ea,REGULAR
20240520,3430,21375917_EA,21375917,"Parchment Paper, 10-metre",Household Supplies,No Name,10 ea,3.5,ea,REGULAR
20240520,3430,20303626_EA,20303626,Fudge-Striped Shortbread Cookies,"Snacks, Chips & Candy",No Name,368 g,3.0,ea,SPECIAL
20240520,3430,21405448_EA,21405448,Scented Air Freshener Lavender Gel,Household Supplies,No Name,170 g,1.0,ea,REGULAR
20240520,3430,20301012_EA,20301012,Mixed Vegetables,Frozen,No Name,750 g,2.59,ea,REGULAR
20240520,3430,20092062_EA,20092062,Semi-Sweet Chocolate Chips,Not Available,No Name,1 kg,10.49,ea,REGULAR
20240520,3430,20092062_EA,20092062,Semi-Sweet Chocolate Chips,Not Available,No Name,1 kg,10.49,ea,REGULAR
20240520,3430,21061463_EA,21061463,All-Purpose Flour,Not Available,No Name,1 kg,2.79,ea,REGULAR
20240520,3430,21294808001_EA,21294808001,Naturally Imperfect Zucchini ,Fruits & Vegetables,No Name,1.02 kg,5.0,ea,SPECIAL
20240520,3430,20301274002_C24,20301274002,Instant Noodle Soup Beef Flavour,Not Available,No Name,24x85.0 g,5.99,ea,REGULAR
20240520,3430,20149806_EA,20149806,"Plastic Wrap, Club Size 305m",Household Supplies,No Name,1 ea,12.99,ea,REGULAR
20240520,3430,21360360_EA,21360360,Condensed Soup Cream Of Celery,Not Available,No Name,284 ml,1.49,ea,REGULAR
20240520,3430,20054575_EA,20054575,Elbow Macaroni Pasta,Not Available,No Name,2 kg,4.79,ea,REGULAR
20240520,3430,20088698001_EA,20088698001,Medium Salsa,Not Available,No Name,430 ml,3.29,ea,REGULAR
20240520,3432,20179276_EA,20179276,No.4 Cone Coffee Filters,Not Available,No Name,100 ea,3.49,ea,REGULAR
20240520,3432,20870350_EA,20870350,"Lasagna Pans, Giant",Household Supplies,No Name,2 ea,5.0,ea,REGULAR
20240520,3432,21405449_EA,21405449,Scented Air Freshener Coconut Gel,Household Supplies,No Name,170 g,1.0,ea,REGULAR
20240520,3432,20015818_EA,20015818,Pepperoni,Deli,No Name,500 g,6.0,ea,REGULAR
20240520,3432,21217967_EA,21217967,"Bagel Everything, 6-Pack",Bakery,No Name,480 g,1.99,ea,SPECIAL
20240520,3432,21030532_C01,21030532,Dark Roast Coffee Pods Club Size,Drinks,No Name,1 ea,32.99,ea,REGULAR
20240520,3432,20036631_EA,20036631,"Ground Cinnamon, Club Size",Not Available,No Name,560 g,8.49,ea,REGULAR
20240520,3432,21283326_EA,21283326,Cookies & Cream Ice Cream Sandwiches ,Frozen,No Name,24x120.0 ml,10.0,ea,REGULAR
20240520,3432,21042475_EA,21042475,Oxi-Burst Dirt Release Detergent ,Household Supplies,No Name,1.92 l,4.99,ea,REGULAR
20240520,3432,20565372_EA,20565372,"Wood Coffee Stirrer, 7 in",Home & Kitchen,No Name,200x200.0 ea,2.5,ea,REGULAR
20240520,3432,21313145_EA,21313145,Whole Wheat English Muffins,Bakery,No Name,450 g,1.99,ea,SPECIAL
20240520,3432,20617972_EA,20617972,Rosemary Leaves,Not Available,No Name,50 g,2.49,ea,REGULAR
20240520,3432,20617972_EA,20617972,Rosemary Leaves,Not Available,No Name,50 g,2.49,ea,REGULAR
20240520,3432,20323261_EA,20323261,Oven-ready Lasagna Pasta,Not Available,No Name,375 g,2.49,ea,REGULAR
20240520,3432,21294808001_EA,21294808001,Naturally Imperfect Zucchini ,Fruits & Vegetables,No Name,1.02 kg,5.0,ea,SPECIAL
20240520,3432,20155093_EA,20155093,Large Drawstring Garbage Bags,Household Supplies,No Name,60 ea,15.99,ea,REGULAR
20240520,3432,21116660_EA,21116660,Regular Garbage Bags,Household Supplies,No Name,40 ea,8.99,ea,REGULAR
20240520,3432,20636824_EA,20636824,Meat Lasagna,Frozen,No Name,1 kg,7.99,ea,REGULAR
20240520,3432,21405438_EA,21405438,Scented Air Freshener Raspberry Gel,Household Supplies,No Name,170 g,1.0,ea,REGULAR
20240520,3432,20301246003_EA,20301246003,Shrimp Flavour Instant Noodle Soup,Not Available,No Name,65 g,0.99,ea,REGULAR
20240520,3433,21394636_EA,21394636,No Name To Go Tumbler - Yellow,Home & Kitchen,No Name,1 ea,5.0,ea,REGULAR
20240520,3433,20742893_EA,20742893,Swiss Cheese Slices,Dairy & Eggs,No Name,210 g,4.5,ea,REGULAR
20240520,3433,20151390_EA,20151390,"Smoked Summer Sausage, Sliced",Deli,No Name,500 g,5.0,ea,REGULAR
20240520,3433,20845425_EA,20845425,Basmati Rice,Not Available,No Name,3.63 kg,12.49,ea,REGULAR
20240520,3433,21376440_EA,21376440,Camomile Herbal Tea,Drinks,No Name,24 g,2.99,ea,REGULAR
20240520,3433,20323762001_EA,20323762001,"Potato and Cheddar Perogies, Club Size",Frozen,No Name,2 kg,4.99,ea,REGULAR
20240520,3433,20315613007_EA,20315613007,Fettuccine Pasta,Not Available,No Name,900 g,1.99,ea,REGULAR
20240520,3433,20869536_EA,20869536,Giant Oval Rack Roaster,Household Supplies,No Name,1 ea,4.0,ea,REGULAR
20240520,3433,20869973_EA,20869973,Square Cake Pans,Household Supplies,No Name,1 ea,4.0,ea,REGULAR
20240520,3433,20301012_EA,20301012,Mixed Vegetables,Frozen,No Name,750 g,2.59,ea,REGULAR
20240520,3433,20301012_EA,20301012,Mixed Vegetables,Frozen,No Name,750 g,2.59,ea,REGULAR
20240520,3433,20618884_EA,20618884,Pear Halves in Light Syrup,Not Available,No Name,796 ml,3.49,ea,REGULAR
20240520,3433,20618824_EA,20618824,Clingstone Peach Slices in Juice from Concentrate,Not Available,No Name,796 ml,3.49,ea,REGULAR
20240520,3433,20320439003_EA,20320439003,Fruit Punch,Drinks,No Name,2 l,2.0,ea,REGULAR
20240520,3433,20647402_EA,20647402,Dried Apricots ,Not Available,No Name,500 g,9.99,ea,REGULAR
20240520,3433,21042473_EA,21042473,Free and Clear Nature Dirt Release Detergent ,Household Supplies,No Name,2.03 l,4.99,ea,REGULAR
20240520,3433,20163065001_EA,20163065001,"3-Flavour Mix Cat Food, Chicken, Turkey & Seafood",Pet Supplies,No Name,4 kg,12.49,ea,REGULAR
20240520,3433,20154364_EA,20154364,Long Grain Parboiled Rice,Not Available,No Name,2 kg,5.49,ea,REGULAR
20240520,3433,20301246003_EA,20301246003,Shrimp Flavour Instant Noodle Soup,Not Available,No Name,65 g,0.99,ea,REGULAR
20240520,3437,20188557_EA,20188557,Pretzel Twists,"Snacks, Chips & Candy",No Name,200 g,1.49,ea,REGULAR
20240520,3437,20306865_EA,20306865,Unbleached All-Purpose Flour,Not Available,No Name,10 kg,11.99,ea,REGULAR
20240520,3437,20689486_EA,20689486,Fragrance-Free Dryer Sheets,Household Supplies,No Name,80 ea,4.49,ea,REGULAR
20240520,3437,20119954_EA,20119954,Sweet Gherkins Pickles ,Not Available,No Name,375 ml,2.99,ea,REGULAR
20240520,3437,20503035003_EA,20503035003,Fruit Punch Juice Boxes,Drinks,No Name,10x200.0 ml,3.29,ea,REGULAR
20240520,3437,20503035003_EA,20503035003,Fruit Punch Juice Boxes,Drinks,No Name,10x200.0 ml,3.29,ea,REGULAR
20240520,3437,20671325_EA,20671325,Fruit Salad in Fruit Juice from Concentrate,Not Available,No Name,540 ml,3.79,ea,REGULAR
20240520,3437,20521648_EA,20521648,Flaked Light Tuna,Not Available,No Name,170 g,1.29,ea,REGULAR
20240520,3437,20975786_EA,20975786,Medium Cheddar Cheese,Dairy & Eggs,No Name,700 g,7.89,ea,REGULAR
20240520,3437,21217965_EA,21217965,Bagel Cinnamon Raisin 6 Pack,Bakery,No Name,510 g,2.49,ea,REGULAR
20240520,3437,20317943_EA,20317943,Shredded Mozzarella Cheese,Dairy & Eggs,No Name,900 g,14.99,ea,REGULAR
20240520,3437,21448475_EA,21448475,Fully Cooked Real Bacon Bits,Not Available,No Name,567 g,17.49,ea,REGULAR
20240520,3437,20426318_EA,20426318,Walnut Pieces Club Size,Not Available,No Name,1 kg,17.99,ea,REGULAR
20240520,3437,20320439005_EA,20320439005,Peach Drink,Drinks,No Name,2 l,2.0,ea,REGULAR
20240520,3438,20303325_EA,20303325,Whole Wheat Flour,Not Available,No Name,2.5 kg,3.77,ea,REGULAR
20240520,3438,20316375005_EA,20316375005,Chocolate Chips Waffles,Frozen,No Name,280 g,2.5,ea,REGULAR
20240520,3438,20296985003_EA,20296985003,Smooth Light Peanut Butter,Not Available,No Name,1 kg,4.89,ea,REGULAR
20240520,3438,20894653_EA,20894653,Compostable Kitchen Bags for Organics Club Size,Household Supplies,No Name,100 ea,14.99,ea,REGULAR
20240520,3438,20316212001_EA,20316212001,Smooth Peanut Butter,Not Available,No Name,500 g,3.0,ea,SPECIAL
20240520,3438,20301012_EA,20301012,Mixed Vegetables,Frozen,No Name,750 g,2.59,ea,REGULAR
20240520,3438,20050959_EA,20050959,Maraschino Cherries With Syrup,Not Available,No Name,375 ml,4.49,ea,REGULAR
20240520,3438,20503035003_EA,20503035003,Fruit Punch Juice Boxes,Drinks,No Name,10x200.0 ml,3.29,ea,REGULAR
20240520,3438,20503035003_EA,20503035003,Fruit Punch Juice Boxes,Drinks,No Name,10x200.0 ml,3.29,ea,REGULAR
20240520,3438,20148074_EA,20148074,White Kidney Beans,Not Available,No Name,540 ml,1.49,ea,REGULAR
20240520,3438,20309126_EA,20309126,Whole Wheat Flour,Not Available,No Name,10 kg,11.99,ea,REGULAR
20240520,3438,20725293_EA,20725293,Lemon Scented Wet Mop Refills  ,Household Supplies,No Name,12 ea,5.0,ea,REGULAR
20240520,3438,20323473001_EA,20323473001,Honey Garlic Sauce,Not Available,No Name,350 ml,2.49,ea,REGULAR
20240520,3438,20720431_EA,20720431,Windshield Washer Fluid,Home & Kitchen,No Name,3.78 l,3.79,ea,REGULAR
20240520,3438,20322176_EA,20322176,Extra Large Pitted Ripe Olives,Not Available,No Name,398 ml,1.99,ea,REGULAR
20240520,3438,20174632_EA,20174632,Whole Kernel Corn,Frozen,No Name,2 kg,6.29,ea,REGULAR
20240520,3438,20055519_EA,20055519,2% Cottage Cheese,Dairy & Eggs,No Name,1 kg,6.49,ea,REGULAR
20240520,3439,20113422002_EA,20113422002,Light Whipped Topping,Frozen,No Name,1 l,3.59,ea,REGULAR
20240520,3439,21217969_EA,21217969,Bagel Sesame 6 Pack,Bakery,No Name,510 g,1.99,ea,SPECIAL
20240520,3439,20552134001_EA,20552134001,Concentrated Berry Punch,Frozen,No Name,283 ml,1.59,ea,REGULAR
20240520,3439,20426198_EA,20426198,Chopped Walnuts,Not Available,No Name,400 g,8.49,ea,REGULAR
20240520,3439,21380631_EA,21380631,Dark Roast Ground Coffee,Drinks,No Name,925 g,8.99,ea,REGULAR
20240520,3439,21020366_EA,21020366,100% Pure Corn Starch,Not Available,No Name,454 g,4.0,ea,REGULAR
20240520,3439,21406992_EA,21406992,Beach Umbrella,Not Available,No Name,1 ea,9.0,ea,SPECIAL
20240520,3439,21397192_EA,21397192,"Light Cream Cheese Spread, Original",Dairy & Eggs,No Name,450 g,5.79,ea,REGULAR
20240520,3439,21313152_EA,21313152,Extra Crisp English Muffins,Bakery,No Name,390 g,1.99,ea,SPECIAL
20240520,3439,21313152_EA,21313152,Extra Crisp English Muffins,Bakery,No Name,390 g,1.99,ea,SPECIAL
20240520,3439,20923994_EA,20923994,100% Whole Grain Large Flake Oats,Not Available,No Name,1 kg,3.0,ea,REGULAR
20240520,3439,20860007_EA,20860007,Pink Lemonade,Drinks,No Name,1.75 l,2.99,ea,REGULAR
20240520,3439,21098737_EA,21098737,Regular Round Tortilla Chips,"Snacks, Chips & Candy",No Name,908 g,4.99,ea,REGULAR
20240520,3439,20322093002_EA,20322093002,Blueberry Waffles,Frozen,No Name,1680 g,14.49,ea,REGULAR
20240520,3439,21047871_EA,21047871,Cream Cheese Product With Strawberries,Dairy & Eggs,No Name,227 g,3.0,ea,REGULAR
20240520,3439,20029821_EA,20029821,Micro Fibre Cloth,Household Supplies,No Name,1 ea,4.0,ea,REGULAR
20240520,3439,20141395_EA,20141395,Extra Virgin Olive Oil Club Size,Not Available,No Name,3 l,45.99,ea,REGULAR
20240520,3439,20189069_EA,20189069,"100% Canadian Pure Liquid Honey, Club Pack",Not Available,No Name,3 kg,24.99,ea,REGULAR
20240520,3440,20189069_EA,20189069,"100% Canadian Pure Liquid Honey, Club Pack",Not Available,No Name,3 kg,24.99,ea,REGULAR
20240520,3441,21394636_EA,21394636,No Name To Go Tumbler - Yellow,Home & Kitchen,No Name,1 ea,5.0,ea,REGULAR
20240520,3441,21529762_EA,21529762,Fresh Scent Dirt Release Detergent Club Size,Household Supplies,No Name,6 l,14.99,ea,REGULAR
20240520,3441,20158114_EA,20158114,Sweet Gherkin Pickles,Not Available,No Name,1 l,4.49,ea,REGULAR
20240520,3441,20015818_EA,20015818,Pepperoni,Deli,No Name,500 g,6.0,ea,REGULAR
20240520,3441,21208436_EA,21208436,Lemon Furniture Polish,Household Supplies,No Name,275 g,4.99,ea,REGULAR
20240520,3441,20058865_EA,20058865,Salted Blanched Peanuts,"Snacks, Chips & Candy",No Name,2 kg,13.49,ea,REGULAR
20240520,3441,20113422001_EA,20113422001,Whipped Topping,Frozen,No Name,1 l,3.59,ea,REGULAR
20240520,3441,20742315_EA,20742315,Marble Cheddar Cheese Slices,Dairy & Eggs,No Name,230 g,4.5,ea,REGULAR
20240520,3441,20155083001_EA,20155083001,Pickled Chunk Beets,Not Available,No Name,750 ml,2.79,ea,REGULAR
20240520,3441,21393594_EA,21393594,Dark Roast Coffee Pods,Drinks,No Name,114 g,6.79,ea,REGULAR
20240520,3441,20503035003_EA,20503035003,Fruit Punch Juice Boxes,Drinks,No Name,10x200.0 ml,3.29,ea,REGULAR
20240520,3441,20618573_EA,20618573,Ground Mustard,Not Available,No Name,100 g,2.49,ea,REGULAR
20240520,3441,20618573_EA,20618573,Ground Mustard,Not Available,No Name,100 g,2.49,ea,REGULAR
20240520,3441,20923828_EA,20923828,Quick 100% Whole Grain Oats,Not Available,No Name,1 kg,3.0,ea,REGULAR
20240520,3441,20313361003_EA,20313361003,Extra Fine Egg Noodles,Not Available,No Name,340 g,2.79,ea,REGULAR
20240520,3441,20975786_EA,20975786,Medium Cheddar Cheese,Dairy & Eggs,No Name,700 g,7.89,ea,REGULAR
20240520,3441,20628590002_EA,20628590002,Mixed Fruit with Cherries in Light Syrup,Not Available,No Name,796 ml,3.49,ea,REGULAR
20240520,3441,20946414_EA,20946414,Regular Potato Crisps,"Snacks, Chips & Candy",No Name,150 g,1.69,ea,REGULAR
20240520,3441,21163526_EA,21163526,Coffee Whitener,Dairy & Eggs,No Name,1 kg,6.99,ea,REGULAR
20240520,3441,21097615_EA,21097615,Crushed Pineapple in Pineapple Juice,Not Available,No Name,540 ml,1.79,ea,REGULAR
20240520,3442,20996039_EA,20996039,"Roasted Peanuts, No Salt",Fruits & Vegetables,No Name,907 g,7.0,ea,REGULAR
20240520,3442,20559141002_EA,20559141002,Concentrated Lemonade,Frozen,No Name,283 ml,1.59,ea,REGULAR
20240520,3442,21124368001_EA,21124368001,Naturally Imperfect Limes,Fruits & Vegetables,No Name,907 g,6.0,ea,SPECIAL
20240520,3442,21375912_EA,21375912,Multi-Purpose Stain Remover ,Household Supplies,No Name,651 ml,3.99,ea,REGULAR
20240520,3442,20051787_EA,20051787,Apple Cider Vinegar,Not Available,No Name,500 ml,1.49,ea,REGULAR
20240520,3442,21013437_EA,21013437,Chocolate Ice Cream Sandwiches,Frozen,No Name,24x120.0 ml,10.0,ea,REGULAR
20240520,3442,20793444002_EA,20793444002,Ice Milk Neapolitan Club Size,Frozen,No Name,4 l,5.99,ea,REGULAR
20240520,3442,21529759_EA,21529759,Cold Water Dirt Release Detergent Club Size,Household Supplies,No Name,6 l,14.99,ea,REGULAR
20240520,3442,21099689_EA,21099689,Onion Recipe and Soup Mix,Not Available,No Name,56 g,1.49,ea,REGULAR
20240520,3442,20547831_EA,20547831,Mayonnaise,Not Available,No Name,445 ml,4.49,ea,REGULAR
20240520,3442,20547831_EA,20547831,Mayonnaise,Not Available,No Name,445 ml,4.49,ea,REGULAR
20240520,3442,20675685_EA,20675685,Peach Slices in Fruit Juice From Concentrate,Not Available,No Name,540 ml,3.79,ea,REGULAR
20240520,3442,20339076_EA,20339076,Original Trail Mix,"Snacks, Chips & Candy",No Name,1 kg,10.99,ea,REGULAR
20240520,3442,21518578_EA,21518578,Paper Cups 20 Pack,Not Available,No Name,20 ea,2.0,ea,REGULAR
20240520,3442,20793444001_EA,20793444001,Chocolate Ice Milk ,Frozen,No Name,4 l,5.99,ea,REGULAR
20240520,3442,20963747_EA,20963747,"Bathroom tissue, 24 Rolls",Household Supplies,No Name,1 ea,5.99,ea,REGULAR
20240520,3442,21030593_EA,21030593,Cheese Pizzas,Frozen,No Name,1740 g,12.99,ea,REGULAR
20240520,3442,20683943_EA,20683943,Chocolate Hazelnut Spread,Not Available,No Name,725 g,5.0,ea,SPECIAL
20240520,3442,20109368_EA,20109368,Balanced Nutrition For Dogs,Pet Supplies,No Name,16 kg,29.99,ea,REGULAR
20240520,3445,21394636_EA,21394636,No Name To Go Tumbler - Yellow,Home & Kitchen,No Name,1 ea,5.0,ea,SPECIAL
20240520,3445,20301246002_EA,20301246002,"Soup Cups, Chicken",Not Available,No Name,65 g,0.99,ea,REGULAR
20240520,3445,20971002_EA,20971002,"2-Ply Hypoallergenic Facial Tissues, 126 Sheets",Household Supplies,No Name,6x1.0 ea,7.0,ea,REGULAR
20240520,3445,20161396_EA,20161396,"Peas & Carrots, Club Size",Frozen,No Name,2 kg,6.29,ea,REGULAR
20240520,3445,20006453_EA,20006453,Bologna,Deli,No Name,175 g,4.0,ea,REGULAR
20240520,3445,21397192_EA,21397192,"Light Cream Cheese Spread, Original",Dairy & Eggs,No Name,450 g,5.79,ea,REGULAR
20240520,3445,20013437001_EA,20013437001,"Baking Cups, Large White",Household Supplies,No Name,50 ea,2.0,ea,REGULAR
20240520,3445,20030317_EA,20030317,Sweet Pickled Onions,Not Available,No Name,375 ml,2.99,ea,REGULAR
20240520,3445,20322635_EA,20322635,Extra Broad Egg Noodles,Not Available,No Name,340 g,2.79,ea,REGULAR
20240520,3445,20911060_EA,20911060,Light Original Cream Cheese Spread,Dairy & Eggs,No Name,340 g,4.89,ea,REGULAR
20240520,3445,20869973_EA,20869973,Square Cake Pans,Household Supplies,No Name,1 ea,4.0,ea,REGULAR
20240520,3445,20325921006_EA,20325921006,Beans Navy,Not Available,No Name,540 ml,1.49,ea,REGULAR
20240520,3445,20325921006_EA,20325921006,Beans Navy,Not Available,No Name,540 ml,1.49,ea,REGULAR
20240520,3445,20617753_EA,20617753,Apricot Halves in Light Syrup,Not Available,No Name,398 ml,1.99,ea,REGULAR
20240520,3445,20296118002_EA,20296118002,Sweetened Tart Shells,Dairy & Eggs,No Name,30 ea,7.49,ea,REGULAR
20240520,3445,20318062001_EA,20318062001,Salted Blanched Peanuts,"Snacks, Chips & Candy",No Name,500 g,4.49,ea,REGULAR
20240520,3445,20078866_EA,20078866,Black Peppercorns,Not Available,No Name,575 g,16.99,ea,REGULAR
20240520,3445,21384149_EA,21384149,Paper Dinner Plates 40 Pack,Home & Kitchen,No Name,40 ea,6.0,ea,SPECIAL
20240520,3445,20027032_EA,20027032,Cooked Ham,Not Available,No Name,454 g,5.79,ea,REGULAR
20240520,3445,20127768_EA,20127768,100% Pure Peanut Oil,Not Available,No Name,946 ml,7.29,ea,REGULAR
20240520,3448,21394636_EA,21394636,No Name To Go Tumbler - Yellow,Home & Kitchen,No Name,1 ea,5.0,ea,REGULAR
20240520,3448,20503296_EA,20503296,"Stuffed Breaded Chicken, Broccoli & Cheese (2 Pack)",Frozen,No Name,284 g,4.99,ea,REGULAR
20240520,3448,20987666001_EA,20987666001,Naturally Imperfect Pears,Fruits & Vegetables,No Name,2.87 kg,8.0,ea,REGULAR
20240520,3448,21376440_EA,21376440,Camomile Herbal Tea,Drinks,No Name,24 g,2.99,ea,REGULAR
20240520,3448,20015813_EA,20015813,Crispy Southern Style Chicken,Frozen,No Name,1 kg,18.99,ea,REGULAR
20240520,3448,21351315_EA,21351315,Cooler Bag,Home & Kitchen,No Name,1 ea,10.0,ea,SPECIAL
20240520,3448,20636824_EA,20636824,Meat Lasagna,Frozen,No Name,1 kg,7.99,ea,REGULAR
20240520,3448,20813936001_EA,20813936001,Grade A Large Brown Eggs,Dairy & Eggs,No Name,12 eggs,5.3,ea,REGULAR
20240520,3448,20016594_EA,20016594,Corn Syrup,Not Available,No Name,1 l,5.49,ea,REGULAR
20240520,3448,21406992_EA,21406992,Beach Umbrella,Not Available,No Name,1 ea,9.0,ea,SPECIAL
20240520,3448,20503035003_EA,20503035003,Fruit Punch Juice Boxes,Drinks,No Name,10x200.0 ml,3.29,ea,REGULAR
20240520,3448,21045313_EA,21045313,"Chicken Wings, Mild BBQ",Frozen,No Name,908 g,12.99,ea,REGULAR
20240520,3448,21045313_EA,21045313,"Chicken Wings, Mild BBQ",Frozen,No Name,908 g,12.99,ea,REGULAR
20240520,3448,20734142_EA,20734142,"Smoked Sausages, Cheese",Meat,No Name,900 g,10.0,ea,REGULAR
20240520,3448,20318892001_EA,20318892001,Original Snack Crackers,"Snacks, Chips & Candy",No Name,225 g,2.99,ea,REGULAR
20240520,3448,20051959_EA,20051959,"Salami, Sliced",Deli,No Name,500 g,5.0,ea,REGULAR
20240520,3448,20323762001_EA,20323762001,"Potato and Cheddar Perogies, Club Size",Frozen,No Name,2 kg,4.99,ea,REGULAR
20240520,3448,20127455002_EA,20127455002,Slivered Almonds ,Not Available,No Name,100 g,2.79,ea,REGULAR
20240520,3448,20066714_EA,20066714,Salami,Deli,No Name,175 g,4.0,ea,REGULAR
20240520,3448,20181003_EA,20181003,All-Purpose Reusable Cloth,Household Supplies,No Name,10 ea,3.5,ea,REGULAR
20240520,3449,20118684_EA,20118684,2 Paper Towel Rolls,Household Supplies,No Name,2 ea,2.5,ea,REGULAR
20240520,3449,20305325_EA,20305325,Cranberry Cocktail,Drinks,No Name,3.78 l,4.99,ea,REGULAR
20240520,3449,21337547_EA,21337547,White Chocolate Bar,"Snacks, Chips & Candy",No Name,100 g,1.19,ea,REGULAR
20240520,3449,20296985001_EA,20296985001,Smooth Peanut Butter,Not Available,No Name,1 kg,4.89,ea,REGULAR
20240520,3449,21208436_EA,21208436,Lemon Furniture Polish,Household Supplies,No Name,275 g,4.99,ea,REGULAR
20240520,3449,21377032_EA,21377032,Vegetable Concentrate,Not Available,No Name,250 ml,5.29,ea,REGULAR
20240520,3449,21235435_EA,21235435,Cat Litter Scented,Not Available,No Name,10 kg,7.99,ea,REGULAR
20240520,3449,20325921004_EA,20325921004,Lentils,Not Available,No Name,540 ml,1.49,ea,REGULAR
20240520,3449,20683482_EA,20683482,Sweet & Zesty Tomato Chili Sauce,Not Available,No Name,455 ml,4.99,ea,REGULAR
20240520,3449,20114725_EA,20114725,Garlic Powder Club Size,Not Available,No Name,700 g,7.99,ea,REGULAR
20240520,3449,20503300_EA,20503300,"Stuffed Breaded Chicken Breasts, Ham & Cheese",Frozen,No Name,284 g,4.99,ea,REGULAR
20240520,3449,21045313_EA,21045313,"Chicken Wings, Mild BBQ",Frozen,No Name,908 g,12.99,ea,REGULAR
20240520,3449,20297188001_EA,20297188001,Cheese Rice Crackers,"Snacks, Chips & Candy",No Name,100 g,1.69,ea,REGULAR
20240520,3449,20297188001_EA,20297188001,Cheese Rice Crackers,"Snacks, Chips & Candy",No Name,100 g,1.69,ea,REGULAR
20240520,3449,20132840_EA,20132840,Thyme Leaves,Not Available,No Name,45 g,2.49,ea,REGULAR
20240520,3449,20298374_EA,20298374,Large Zipper Freezer Bags,Household Supplies,No Name,30 ea,6.99,ea,REGULAR
20240520,3449,20189849_EA,20189849,"Pepperoni, Sliced",Deli,No Name,500 g,5.0,ea,REGULAR
20240520,3449,20174399_EA,20174399,"2-Ply Hypoallergenic Facial Tissues, 6 Boxes, 200 Sheets Each",Household Supplies,No Name,6x1.0 ea,10.99,ea,REGULAR
20240520,3449,21099682_EA,21099682,Onion Mix for Soup & Recipe 4 x 28g,Not Available,No Name,28 g,2.29,ea,REGULAR
20240520,3449,21308578_EA,21308578,Black Oil & Striped Sunflower Wild Bird Seed Mix,Pet Supplies,No Name,4 kg,13.99,ea,REGULAR
20240520,3449,20812726001_EA,20812726001,Grade A Extra Large Eggs,Dairy & Eggs,No Name,12 eggs,4.61,ea,REGULAR
20240520,3450,20047452_EA,20047452,No.2 Cone Coffee Filters,Not Available,No Name,100 ea,3.49,ea,REGULAR
20240520,3450,20306030_EA,20306030,Original syrup,Not Available,No Name,750 ml,2.99,ea,REGULAR
20240520,3450,20866351_EA,20866351,"Cake Pans, 13x9 """,Household Supplies,No Name,1 ea,4.0,ea,REGULAR
20240520,3450,20301274002_EA,20301274002,Beef Flavour Instant Noodle Soup,Not Available,No Name,85 g,0.39,ea,REGULAR
20240520,3450,20539203_EA,20539203,Lemon Scent Dishwasher Detergent ,Household Supplies,No Name,1.8 kg,5.99,ea,REGULAR
20240520,3450,20170051_EA,20170051,"Latex Rubber Gloves, Large",Household Supplies,No Name,1 ea,2.0,ea,REGULAR
20240520,3450,20085278_EA,20085278,Household Cleanser With Bleach ,Household Supplies,No Name,400 g,1.0,ea,REGULAR
20240520,3450,21313145_EA,21313145,Whole Wheat English Muffins,Bakery,No Name,450 g,1.99,ea,SPECIAL
20240520,3450,20309769_EA,20309769,Shredded Cheddar & Monterey Jack Cheese Blend,Dairy & Eggs,No Name,900 g,14.99,ea,REGULAR
20240520,3450,21406992_EA,21406992,Beach Umbrella,Not Available,No Name,1 ea,9.0,ea,SPECIAL
20240520,3450,20503035003_EA,20503035003,Fruit Punch Juice Boxes,Drinks,No Name,10x200.0 ml,3.29,ea,REGULAR
20240520,3450,20325921006_EA,20325921006,Beans Navy,Not Available,No Name,540 ml,1.49,ea,REGULAR
20240520,3450,20325921006_EA,20325921006,Beans Navy,Not Available,No Name,540 ml,1.49,ea,REGULAR
20240520,3450,21061463_EA,21061463,All-Purpose Flour,Not Available,No Name,1 kg,2.79,ea,REGULAR
20240520,3450,21466969_EA,21466969,Apple Cider Vinegar,Not Available,No Name,1 l,2.49,ea,REGULAR
20240520,3450,20155529_EA,20155529,Antibacterial Cellulose Sponges,Household Supplies,No Name,4 ea,3.0,ea,REGULAR
20240520,3450,20315613004_EA,20315613004,Rotini Pasta,Not Available,No Name,900 g,1.99,ea,REGULAR
20240520,3450,20300473_EA,20300473,Baby Dill Pickles With Garlic,Not Available,No Name,1 l,3.29,ea,REGULAR
20240520,3450,21464491_EA,21464491,"Paper Straws, 50 Straws",Not Available,No Name,50 ea,1.5,ea,REGULAR
20240520,3450,21417127_EA,21417127,Quick-tie Garbage Bags Extra Large,Household Supplies,No Name,30 ea,9.99,ea,REGULAR
20240520,3451,20297188001_EA,20297188001,Cheese Rice Crackers,"Snacks, Chips & Candy",No Name,100 g,1.59,ea,REGULAR
20240520,3451,20297188001_EA,20297188001,Cheese Rice Crackers,"Snacks, Chips & Candy",No Name,100 g,1.59,ea,REGULAR
20240520,3456,21081340_EA,21081340,Beef Rawhide Bagels Dog Treats,Pet Supplies,No Name,1 ea,15.99,ea,REGULAR
20240520,3456,20795391_EA,20795391,Plain Tops Soda Crackers,"Snacks, Chips & Candy",No Name,454 g,3.29,ea,REGULAR
20240520,3456,21219859_EA,21219859,Scented Cat Litter ,Not Available,No Name,10 kg,7.99,ea,REGULAR
20240520,3456,20971992_EA,20971992,Lime Juice,Drinks,No Name,445 ml,2.49,ea,REGULAR
20240520,3456,21463947_EA,21463947,Apricot Jam with Pectin,Not Available,No Name,500 ml,4.79,ea,REGULAR
20240520,3456,21375917_EA,21375917,"Parchment Paper, 10-metre",Household Supplies,No Name,10 ea,2.99,ea,REGULAR
20240520,3456,20870350_EA,20870350,"Lasagna Pans, Giant",Household Supplies,No Name,2 ea,5.0,ea,REGULAR
20240520,3456,20316133_EA,20316133,Caramel Coconut Cookies,"Snacks, Chips & Candy",No Name,198 g,3.0,ea,SPECIAL
20240520,3456,20503035003_EA,20503035003,Fruit Punch Juice Boxes,Drinks,No Name,10x200.0 ml,3.0,ea,REGULAR
20240520,3456,20503035003_EA,20503035003,Fruit Punch Juice Boxes,Drinks,No Name,10x200.0 ml,3.0,ea,REGULAR
20240520,3456,21414691_EA,21414691,Hot Dogs Chicken Club Pack,Meat,No Name,1.5 kg,6.0,ea,REGULAR
20240520,3456,20951251_EA,20951251,Dry Crunchy Kibble Dog Food ,Pet Supplies,No Name,6 kg,18.99,ea,REGULAR
20240520,3456,20307131002_EA,20307131002,Sweetened Flaked Coconut,Not Available,No Name,200 g,2.29,ea,REGULAR
20240520,3456,20628489004_EA,20628489004,French Dressing,Not Available,No Name,475 ml,2.49,ea,REGULAR
20240520,3456,20130996_EA,20130996,Wine Sauerkraut,Not Available,No Name,1 l,5.99,ea,REGULAR
20240520,3456,20081306_EA,20081306,Condensed Vegetable Soup,Not Available,No Name,284 ml,0.99,ea,SPECIAL
20240520,3456,20058286_EA,20058286,"Plastic Wrap, 30m",Household Supplies,No Name,1 ea,2.49,ea,REGULAR
20240520,3456,21538491_EA,21538491,Italian Meatballs,Frozen,No Name,680 g,9.99,ea,REGULAR
20240520,3457,20179276_EA,20179276,No.4 Cone Coffee Filters,Not Available,No Name,100 ea,3.49,ea,REGULAR
20240520,3457,20017493_EA,20017493,Whipped Topping ,Dairy & Eggs,No Name,225 g,3.69,ea,REGULAR
20240520,3457,20148493003_EA,20148493003,Diced White Potatoes,Not Available,No Name,540 ml,1.49,ea,REGULAR
20240520,3457,20174632_EA,20174632,Whole Kernel Corn,Frozen,No Name,2 kg,6.29,ea,REGULAR
20240520,3457,21033164_EA,21033164,Blueberries,Frozen,No Name,2 kg,14.0,ea,REGULAR
20240520,3457,21035629_EA,21035629,Light Original Cream Cheese Product,Dairy & Eggs,No Name,227 g,3.0,ea,REGULAR
20240520,3457,21396647_EA,21396647,Worcestershire Sauce,Not Available,No Name,295 ml,2.49,ea,SPECIAL
20240520,3457,20303822_EA,20303822,Whole Kernel Crisp Corn,Not Available,No Name,341 ml,1.29,ea,REGULAR
20240520,3457,20325160002_EA,20325160002,Unsweetened Fine Coconut,Not Available,No Name,200 g,2.29,ea,REGULAR
20240520,3457,20962493_EA,20962493,Cheese Flavoured Crunchy Snacks,"Snacks, Chips & Candy",No Name,200 g,2.49,ea,REGULAR
20240520,3457,20889881_EA,20889881,"Breadsticks and Cheese, Processed Cheese Product","Snacks, Chips & Candy",No Name,3x29.0 g,1.5,ea,REGULAR
20240520,3457,20617720_EA,20617720,Basil Leaves,Not Available,No Name,40 g,2.49,ea,REGULAR
20240520,3457,20617720_EA,20617720,Basil Leaves,Not Available,No Name,40 g,2.49,ea,REGULAR
20240520,3457,21040543_EA,21040543,2% Evaporated Partly Skimmed Milk,Drinks,No Name,354 ml,1.99,ea,REGULAR
20240520,3457,20276318003_EA,20276318003,Lemon Iced Tea,Drinks,No Name,3.78 l,5.49,ea,REGULAR
20240520,3457,20316388_EA,20316388,Mixed Vegetables,Frozen,No Name,2 kg,6.29,ea,REGULAR
20240520,3457,20742451_EA,20742451,Medium Cheddar Cheese Slices,Dairy & Eggs,No Name,230 g,4.5,ea,REGULAR
20240520,3457,20002659_EA,20002659,Semi-Sweet Chocolate Chips,Not Available,No Name,300 g,3.99,ea,REGULAR
20240520,3457,20148493003_EA,20148493003,Diced White Potatoes,Not Available,No Name,540 ml,1.49,ea,REGULAR
20240520,3457,20148495_EA,20148495,Orange Juice Boxes,Drinks,No Name,10x200.0 ml,5.29,ea,REGULAR
20240520,3463,20179276_EA,20179276,No.4 Cone Coffee Filters,Not Available,No Name,100 ea,3.49,ea,REGULAR
20240520,3463,21384149_EA,21384149,Paper Dinner Plates 40 Pack,Home & Kitchen,No Name,40 ea,6.0,ea,SPECIAL
20240520,3463,21405438_EA,21405438,Scented Air Freshener Raspberry Gel,Household Supplies,No Name,170 g,1.0,ea,REGULAR
20240520,3463,20788827_EA,20788827,Granulated Calorie-Free Sucralose Sweetener,Not Available,No Name,275 g,8.79,ea,REGULAR
20240520,3463,20627614002_EA,20627614002,Mayonnaise,Not Available,No Name,890 ml,4.79,ea,REGULAR
20240520,3463,20155093_EA,20155093,Large Drawstring Garbage Bags,Household Supplies,No Name,60 ea,15.99,ea,REGULAR
20240520,3463,21030532_C01,21030532,Dark Roast Coffee Pods Club Size,Drinks,No Name,1 ea,32.99,ea,REGULAR
20240520,3463,20347400001_EA,20347400001,Vanilla Ice Milk Bars,Frozen,No Name,30x60.0 ml,10.0,ea,REGULAR
20240520,3463,20937529_EA,20937529,Naturally Imperfect White Mushrooms,Fruits & Vegetables,No Name,680 g,5.0,ea,SPECIAL
20240520,3463,20031065001_EA,20031065001,Space Pops,Frozen,No Name,30x75.0 ml,6.29,ea,REGULAR
20240520,3463,20306897_EA,20306897,"Napkins 1 Ply Club Size, 500 Sheets",Household Supplies,No Name,1 ea,5.49,ea,REGULAR
20240520,3463,20617954_EA,20617954,Ground White Pepper,Not Available,No Name,110 g,2.49,ea,REGULAR
20240520,3463,20617954_EA,20617954,Ground White Pepper,Not Available,No Name,110 g,2.49,ea,REGULAR
20240520,3463,20097492_EA,20097492,Whole Mushrooms,Not Available,No Name,284 ml,1.29,ea,REGULAR
20240520,3463,20302135_EA,20302135,Assorted Sizes Cut Green Beans,Not Available,No Name,398 ml,1.29,ea,REGULAR
20240520,3463,20189239_EA,20189239,Square Container 930ml,Home & Kitchen,No Name,6 ea,5.0,ea,REGULAR
20240520,3463,20174399_EA,20174399,"2-Ply Hypoallergenic Facial Tissues, 6 Boxes, 200 Sheets Each",Household Supplies,No Name,6x1.0 ea,10.99,ea,REGULAR
20240520,3463,20103390_EA,20103390,100% Pure Vegetable Oil,Not Available,No Name,3 l,9.99,ea,REGULAR
20240520,3463,20302770_EA,20302770,Ice Milk Neapolitan Club Pack,Frozen,No Name,4 l,5.99,ea,REGULAR
20240520,3463,20311578001_EA,20311578001,Multi-Coloured Mini Marshmallows,Not Available,No Name,400 g,2.5,ea,SPECIAL
20240520,3465,21394636_EA,21394636,No Name To Go Tumbler - Yellow,Home & Kitchen,No Name,1 ea,5.0,ea,REGULAR
20240520,3465,20426138_EA,20426138,Sliced Blanched Almonds ,Not Available,No Name,400 g,7.99,ea,REGULAR
20240520,3465,20671251_EA,20671251,Deep Dish Pie Shells,Dairy & Eggs,No Name,380 g,3.99,ea,REGULAR
20240520,3465,20870356_EA,20870356,"Pie Pans, Large",Household Supplies,No Name,1 ea,3.0,ea,REGULAR
20240520,3465,20600789_EA,20600789,Whole Tomatoes,Not Available,No Name,796 ml,1.79,ea,REGULAR
20240520,3465,20301191002_EA,20301191002,Whole Leaf Spinach,Frozen,No Name,300 g,1.79,ea,REGULAR
20240520,3465,21406001_EA,21406001,"Food Containers, 50-pack",Household Supplies,No Name,50 ea,11.5,ea,REGULAR
20240520,3465,21448475_EA,21448475,Fully Cooked Real Bacon Bits,Not Available,No Name,567 g,16.99,ea,REGULAR
20240520,3465,21308570_EA,21308570,Wild Bird Seed Mix,Pet Supplies,No Name,8 kg,16.49,ea,REGULAR
20240520,3465,20503035004_EA,20503035004,Grape Drink Boxes,Drinks,No Name,10x200.0 ml,3.0,ea,REGULAR
20240520,3465,21417127_EA,21417127,Quick-tie Garbage Bags Extra Large,Household Supplies,No Name,30 ea,9.99,ea,REGULAR
20240520,3465,20628585001_EA,20628585001,Clingstone Peach Slices in Juice From Concentrate,Not Available,No Name,398 ml,1.99,ea,REGULAR
20240520,3465,20628585001_EA,20628585001,Clingstone Peach Slices in Juice From Concentrate,Not Available,No Name,398 ml,1.99,ea,REGULAR
20240520,3465,20923942_EA,20923942,One Minute 100% Whole Grain Oats,Not Available,No Name,900 g,2.79,ea,REGULAR
20240520,3465,20087458_EA,20087458,Apple Juice from Concentrate,Drinks,No Name,1 l,1.49,ea,REGULAR
20240520,3465,20073675_EA,20073675,68% Vegetable Oil Margarine ,Dairy & Eggs,No Name,907 g,4.99,ea,REGULAR
20240520,3465,20017763_EA,20017763,Marinated Mixed Bean Salad,Not Available,No Name,540 ml,1.99,ea,REGULAR
20240520,3465,21302823_EA,21302823,Regular Potato Chips ,"Snacks, Chips & Candy",No Name,200 g,1.49,ea,REGULAR
20240520,3465,20628489001_EA,20628489001,Caesar Dressing,Not Available,No Name,475 ml,2.49,ea,REGULAR
20240520,3465,20683482_EA,20683482,Sweet & Zesty Tomato Chili Sauce,Not Available,No Name,455 ml,4.99,ea,REGULAR
20240520,3467,20179276_EA,20179276,No.4 Cone Coffee Filters,Not Available,No Name,100 ea,3.49,ea,REGULAR
20240520,3467,20628489005_EA,20628489005,Thousand Island Dressing,Not Available,No Name,475 ml,2.49,ea,REGULAR
20240520,3467,20303822_EA,20303822,Whole Kernel Crisp Corn,Not Available,No Name,341 ml,1.29,ea,REGULAR
20240520,3467,20011604_EA,20011604,Medium Grain Calrose Rice,Not Available,No Name,8 kg,22.99,ea,REGULAR
20240520,3467,20600789_EA,20600789,Whole Tomatoes,Not Available,No Name,796 ml,1.79,ea,REGULAR
20240520,3467,20014940_EA,20014940,Compostable Green Bin Liners for Organics,Household Supplies,No Name,10 ea,7.0,ea,REGULAR
20240520,3467,20870521_EA,20870521,"All-Purpose Pan with Lid, Giant Size",Household Supplies,No Name,1 ea,6.0,ea,REGULAR
20240520,3467,20326682_EA,20326682,Sliced Carrots,Not Available,No Name,398 ml,1.29,ea,REGULAR
20240520,3467,20889881_EA,20889881,"Breadsticks and Cheese, Processed Cheese Product","Snacks, Chips & Candy",No Name,3x29.0 g,1.5,ea,REGULAR
20240520,3467,21297807_EA,21297807,Bagel Whole Wheat,Bakery,No Name,510 g,1.97,ea,SPECIAL
20240520,3467,21417127_EA,21417127,Quick-tie Garbage Bags Extra Large,Household Supplies,No Name,30 ea,9.99,ea,REGULAR
20240520,3467,20617954_EA,20617954,Ground White Pepper,Not Available,No Name,110 g,2.49,ea,REGULAR
20240520,3467,20617954_EA,20617954,Ground White Pepper,Not Available,No Name,110 g,2.49,ea,REGULAR
20240520,3467,20651741_EA,20651741,Sliced Stewed Tomatoes,Not Available,No Name,796 ml,1.79,ea,REGULAR
20240520,3467,20155482_EA,20155482,Medium Zipper Freezer Bags,Household Supplies,No Name,40 ea,5.99,ea,REGULAR
20240520,3467,21291313_EA,21291313,Popping Corn,"Snacks, Chips & Candy",No Name,1 kg,2.49,ea,REGULAR
20240520,3467,20297188001_EA,20297188001,Cheese Rice Crackers,"Snacks, Chips & Candy",No Name,100 g,1.49,ea,REGULAR
20240520,3467,20103390_EA,20103390,100% Pure Vegetable Oil,Not Available,No Name,3 l,9.99,ea,REGULAR
20240520,3467,21509645_EA,21509645,Hamburger Buns,Bakery,No Name,540 g,2.5,ea,SPECIAL
20240520,3467,20303890002_EA,20303890002,Refried Pinto Beans With Green Chilies,Not Available,No Name,398 ml,3.0,ea,REGULAR
20240520,3468,20179276_EA,20179276,No.4 Cone Coffee Filters,Not Available,No Name,100 ea,3.49,ea,REGULAR
20240520,3468,20323398001_EA,20323398001,Smooth Light Peanut Butter,Not Available,No Name,2 kg,8.49,ea,REGULAR
20240520,3468,21213760_EA,21213760,Graham Cracker Pie Crust,Not Available,No Name,170 g,2.49,ea,REGULAR
20240520,3468,20182879_EA,20182879,Ground Black Pepper,Not Available,No Name,540 g,12.99,ea,REGULAR
20240520,3468,20600789_EA,20600789,Whole Tomatoes,Not Available,No Name,796 ml,1.79,ea,REGULAR
20240520,3468,20013437002_EA,20013437002,"Baking Cups, Giant White, 50-Pack",Household Supplies,No Name,1 ea,2.0,ea,REGULAR
20240520,3468,20725295_EA,20725295,Lemon Scented Wet Mop Refills With Scrubber Strip,Household Supplies,No Name,12 ea,5.0,ea,REGULAR
20240520,3468,20742858_EA,20742858,Old Cheddar Cheese Slices ,Dairy & Eggs,No Name,210 g,4.5,ea,REGULAR
20240520,3468,20306030_EA,20306030,Original syrup,Not Available,No Name,750 ml,3.29,ea,REGULAR
20240520,3468,21417127_EA,21417127,Quick-tie Garbage Bags Extra Large,Household Supplies,No Name,30 ea,9.99,ea,REGULAR
20240520,3468,21417127_EA,21417127,Quick-tie Garbage Bags Extra Large,Household Supplies,No Name,30 ea,9.99,ea,REGULAR
20240520,3468,20618573_EA,20618573,Ground Mustard,Not Available,No Name,100 g,2.49,ea,REGULAR
20240520,3468,20618573_EA,20618573,Ground Mustard,Not Available,No Name,100 g,2.49,ea,REGULAR
20240520,3468,21064875_EA,21064875,Italian Sub Variety Pack Sliced,Deli,No Name,375 g,5.0,ea,REGULAR
20240520,3468,20055326001_EA,20055326001,Red Glace Cherries,Not Available,No Name,450 g,6.79,ea,REGULAR
20240520,3468,20323398002_EA,20323398002,"Smooth Peanut Butter, Club Size",Not Available,No Name,2 kg,8.49,ea,REGULAR
20240520,3468,21216994_EA,21216994,Cream Cheese Spread with Everything Bagel Seasoning,Dairy & Eggs,No Name,227 g,3.0,ea,REGULAR
20240520,3468,20628489005_EA,20628489005,Thousand Island Dressing,Not Available,No Name,475 ml,2.49,ea,REGULAR
20240520,3468,21297811_EA,21297811,Bagel Poppy Seed,Bakery,No Name,510 g,1.97,ea,SPECIAL
20240520,3468,20055326002_EA,20055326002,Mixed Glace Cherries ,Not Available,No Name,450 g,6.79,ea,REGULAR
20240520,3472,20303325_EA,20303325,Whole Wheat Flour,Not Available,No Name,2.5 kg,3.79,ea,REGULAR
20240520,3472,20023746002_EA,20023746002,Unscented Scoopable Clumping Cat Litter,Not Available,No Name,7 kg,8.99,ea,REGULAR
20240520,3472,20029821_EA,20029821,Micro Fibre Cloth,Household Supplies,No Name,1 ea,4.0,ea,REGULAR
20240520,3472,21099689_EA,21099689,Onion Recipe and Soup Mix,Not Available,No Name,56 g,1.49,ea,REGULAR
20240520,3472,21507048_EA,21507048,"Bleach, Lemon Scent",Household Supplies,No Name,1.27 l,2.49,ea,REGULAR
20240520,3472,20685574002_EA,20685574002,"Vanilla, Blueberry, Strawberry & Raspberry 0% M.F. Stirred Yogurt",Dairy & Eggs,No Name,12x100.0 g,4.49,ea,REGULAR
20240520,3472,21417127_EA,21417127,Quick-tie Garbage Bags Extra Large,Household Supplies,No Name,30 ea,9.99,ea,REGULAR
20240520,3472,21417127_EA,21417127,Quick-tie Garbage Bags Extra Large,Household Supplies,No Name,30 ea,9.99,ea,REGULAR
20240520,3472,20618260_EA,20618260,Ground Sage,Not Available,No Name,80 g,2.49,ea,REGULAR
20240520,3472,20087458_EA,20087458,Apple Juice from Concentrate,Drinks,No Name,1 l,1.49,ea,REGULAR
20240520,3472,20617951_EA,20617951,Whole Cashews,Not Available,No Name,100 g,3.29,ea,REGULAR
20240520,3472,20058865_EA,20058865,Salted Blanched Peanuts,"Snacks, Chips & Candy",No Name,2 kg,12.99,ea,REGULAR
20240520,3472,21013106_EA,21013106,Chocolatey Chip Ice Cream Sandwiches,Frozen,No Name,24x120.0 ml,10.0,ea,REGULAR
20240520,3472,20180368002_EA,20180368002,Blueberry Waffles,Frozen,No Name,560 g,4.99,ea,REGULAR
20240520,3472,21375912_EA,21375912,Multi-Purpose Stain Remover ,Household Supplies,No Name,651 ml,3.99,ea,REGULAR
20240520,3472,20069589_EA,20069589,Long Grain White Rice,Not Available,No Name,2 kg,5.49,ea,REGULAR
20240520,3473,20996039_EA,20996039,"Roasted Peanuts, No Salt",Fruits & Vegetables,No Name,907 g,6.5,ea,REGULAR
20240520,3473,21545099_EA,21545099,"Naturally Imperfect Pineapple, Strawberries & Mango Fruit Blend",Frozen,No Name,400 g,3.0,ea,REGULAR
20240520,3473,21489589_EA,21489589,Bleach,Household Supplies,No Name,1.27 l,2.49,ea,REGULAR
20240520,3473,21377033_EA,21377033,Beef Bouillon Concentrate,Not Available,No Name,250 ml,4.99,ea,REGULAR
20240520,3473,20600789_EA,20600789,Whole Tomatoes,Not Available,No Name,796 ml,1.79,ea,REGULAR
20240520,3473,20627614002_EA,20627614002,Mayonnaise,Not Available,No Name,890 ml,4.79,ea,REGULAR
20240520,3473,21042475_EA,21042475,Oxi-Burst Dirt Release Detergent ,Household Supplies,No Name,1.92 l,4.99,ea,REGULAR
20240520,3473,20870337_EA,20870337,Round Storage Containers with Lids,Household Supplies,No Name,3 ea,5.0,ea,REGULAR
20240520,3473,20322677_EA,20322677,Cheese Flavoured Twists,"Snacks, Chips & Candy",No Name,200 g,2.49,ea,REGULAR
20240520,3473,21013432_EA,21013432,Vanilla Ice Cream Sandwiches,Frozen,No Name,24x120.0 ml,10.0,ea,REGULAR
20240520,3473,20088698002_EA,20088698002,Mild Salsa ,Not Available,No Name,430 ml,3.79,ea,REGULAR
20240520,3473,20323322_EA,20323322,"Peas, Assorted Sizes ",Not Available,No Name,398 ml,1.29,ea,REGULAR
20240520,3473,20323322_EA,20323322,"Peas, Assorted Sizes ",Not Available,No Name,398 ml,1.29,ea,REGULAR
20240520,3473,21541349_EA,21541349,Fresh Scent Fabric Softener Club Size,Household Supplies,No Name,3.5 l,8.29,ea,REGULAR
20240520,3473,21466969_EA,21466969,Apple Cider Vinegar,Not Available,No Name,1 l,1.99,ea,REGULAR
20240520,3473,20648022_EA,20648022,Medium Whole Prunes,Not Available,No Name,750 g,11.99,ea,REGULAR
20240520,3473,20083786_EA,20083786,Charcoal Starter,Home & Kitchen,No Name,1 ea,3.99,ea,SPECIAL
20240520,3473,20161576_EA,20161576,"Lemon Scent Dirt Release Powder Laundry Detergent, Club Pack",Household Supplies,No Name,14.5 kg,23.99,ea,REGULAR
20240520,3473,20647526_EA,20647526,"Pitted Prunes, Club Size",Not Available,No Name,1 kg,15.99,ea,REGULAR
20240520,3473,20077817_EA,20077817,"Old Cheddar Cheese, Club Size",Dairy & Eggs,No Name,2.27 kg,33.99,ea,REGULAR
20240520,3474,20996039_EA,20996039,"Roasted Peanuts, No Salt",Fruits & Vegetables,No Name,907 g,6.5,ea,REGULAR
20240520,3474,20078625_EA,20078625,"Jumbo Paper Towels, 6 Rolls",Household Supplies,No Name,6 ea,5.99,ea,REGULAR
20240520,3474,20521654_EA,20521654,Mandarin Oranges in Light Syrup,"Snacks, Chips & Candy",No Name,4x107.0 ml,2.29,ea,REGULAR
20240520,3474,20052738_EA,20052738,Plum Sauce,Not Available,No Name,750 ml,3.49,ea,REGULAR
20240520,3474,20870350_EA,20870350,"Lasagna Pans, Giant",Household Supplies,No Name,2 ea,5.0,ea,REGULAR
20240520,3474,20963919_EA,20963919,"Bathroom Tissue, 4 Rolls",Household Supplies,No Name,4 ea,2.0,ea,REGULAR
20240520,3474,20430176_EA,20430176,Artificial Vanilla Extract,Not Available,No Name,125 ml,2.99,ea,REGULAR
20240520,3474,21541429_EA,21541429,"Thin Crust Pizza, Cheese",Frozen,No Name,369 g,3.5,ea,REGULAR
20240520,3474,20312728003_EA,20312728003,Flakes of Turkey,Not Available,No Name,142 g,2.0,ea,SPECIAL
20240520,3474,20297188006_EA,20297188006,Sesame Rice Crackers,"Snacks, Chips & Candy",No Name,100 g,1.49,ea,REGULAR
20240520,3474,20297188006_EA,20297188006,Sesame Rice Crackers,"Snacks, Chips & Candy",No Name,100 g,1.49,ea,REGULAR
20240520,3474,20675685_EA,20675685,Peach Slices in Fruit Juice From Concentrate,Not Available,No Name,540 ml,3.99,ea,REGULAR
20240520,3474,21154105_EA,21154105,Dry Dog Food Crunchy Kibbles & Nibbles For Dogs ,Pet Supplies,No Name,15.8 kg,34.99,ea,REGULAR
20240520,3474,20315613005_EA,20315613005,Small Shells Pasta,Not Available,No Name,900 g,2.0,ea,REGULAR
20240520,3474,21384158_EA,21384158,Paper Dessert Plates Club Size  ,Home & Kitchen,No Name,125 ea,13.5,ea,REGULAR
20240520,3474,21024382_EA,21024382,Fume Free Oven Cleaner,Household Supplies,No Name,400 g,4.29,ea,REGULAR
20240520,3474,20938403_EA,20938403,Brown Mushrooms,Fruits & Vegetables,No Name,680 g,5.0,ea,SPECIAL
20240520,3474,21384158_EA,21384158,Paper Dessert Plates Club Size  ,Home & Kitchen,No Name,125 ea,13.5,ea,REGULAR
20240520,3474,20150692_EA,20150692,Original Snack Crackers,"Snacks, Chips & Candy",No Name,900 g,8.49,ea,REGULAR
20240520,3476,20047452_EA,20047452,No.2 Cone Coffee Filters,Not Available,No Name,100 ea,3.49,ea,REGULAR
20240520,3476,20056697_EA,20056697,Pure Tomato Paste,Not Available,No Name,369 ml,1.69,ea,REGULAR
20240520,3476,20176087_EA,20176087,Salami Chub,Deli,No Name,500 g,6.0,ea,REGULAR
20240520,3476,20180368002_EA,20180368002,Blueberry Waffles,Frozen,No Name,560 g,4.99,ea,REGULAR
20240520,3476,21541338_EA,21541338,Fresh Scent Fabric Softener,Household Supplies,No Name,1.36 l,4.29,ea,REGULAR
20240520,3476,20665613_EA,20665613,Non-Hydrogenated Margarine,Dairy & Eggs,No Name,1.36 kg,7.79,ea,REGULAR
20240520,3476,21464491_EA,21464491,"Paper Straws, 50 Straws",Not Available,No Name,50 ea,1.5,ea,REGULAR
20240520,3476,20069589_EA,20069589,Long Grain White Rice,Not Available,No Name,2 kg,5.49,ea,REGULAR
20240520,3476,20869964_EA,20869964,Loaf Pans with Lids,Household Supplies,No Name,2 ea,3.5,ea,REGULAR
20240520,3476,20305292_EA,20305292,Cream-Style Corn,Not Available,No Name,398 ml,1.29,ea,REGULAR
20240520,3476,21180324_EA,21180324,Apple Cider Vinegar Club Size,Not Available,No Name,4 l,4.49,ea,REGULAR
20240520,3476,21045313_EA,21045313,"Chicken Wings, Mild BBQ",Frozen,No Name,908 g,13.99,ea,REGULAR
20240520,3476,21045313_EA,21045313,"Chicken Wings, Mild BBQ",Frozen,No Name,908 g,13.99,ea,REGULAR
20240520,3476,20618044_EA,20618044,Nutmeg Ground,Not Available,No Name,125 g,2.49,ea,REGULAR
20240520,3476,20183986_EA,20183986,Fold Lock Sandwich Bags,Household Supplies,No Name,100 ea,3.0,ea,REGULAR
20240520,3476,21124487001_EA,21124487001,Naturally Imperfect Lemons 3lb Bag,Fruits & Vegetables,No Name,1.36 kg,6.0,ea,SPECIAL
20240520,3476,20114154_EA,20114154,Beef Burger 4 Oz,Frozen,No Name,1.36 kg,9.99,ea,SPECIAL
20240520,3476,20180393_EA,20180393,Resealable Sandwich Bags,Household Supplies,No Name,100 ea,3.5,ea,REGULAR
20240520,3476,20034427_EA,20034427,100% Canadian Pure Creamed Honey,Not Available,No Name,500 g,5.99,ea,REGULAR
20240520,3476,20054575_EA,20054575,Elbow Macaroni Pasta,Not Available,No Name,2 kg,4.0,ea,REGULAR
20240520,3478,20047452_EA,20047452,No.2 Cone Coffee Filters,Not Available,No Name,100 ea,3.49,ea,REGULAR
20240520,3478,20047715_EA,20047715,100% Extra Virgin Olive Oil,Not Available,No Name,750 ml,11.99,ea,REGULAR
20240520,3478,20559141001_EA,20559141001,Concentrated Pink Lemonade,Frozen,No Name,283 ml,1.39,ea,REGULAR
20240520,3478,21396647_EA,21396647,Worcestershire Sauce,Not Available,No Name,295 ml,2.49,ea,SPECIAL
20240520,3478,20304672002_EA,20304672002,Mini Marshmallows,Not Available,No Name,400 g,2.5,ea,SPECIAL
20240520,3478,20323762003_EA,20323762003,"Potato & Bacon Flavour Perogies, Club Size",Frozen,No Name,2 kg,4.99,ea,REGULAR
20240520,3478,20315613007_EA,20315613007,Fettuccine Pasta,Not Available,No Name,900 g,2.0,ea,REGULAR
20240520,3478,21509822_EA,21509822,Original Bread,Bakery,No Name,675 g,1.97,ea,REGULAR
20240520,3478,21405448_EA,21405448,Scented Air Freshener Lavender Gel,Household Supplies,No Name,170 g,1.0,ea,REGULAR
20240520,3478,20129484_EA,20129484,Pure Lard,Not Available,No Name,454 g,4.29,ea,REGULAR
20240520,3478,21180324_EA,21180324,Apple Cider Vinegar Club Size,Not Available,No Name,4 l,4.49,ea,REGULAR
20240520,3478,20628585001_EA,20628585001,Clingstone Peach Slices in Juice From Concentrate,Not Available,No Name,398 ml,1.99,ea,REGULAR
20240520,3478,21120004_EA,21120004,Quick-Tie Regular Multi-purpose Clear Bags,Household Supplies,No Name,40 ea,7.99,ea,REGULAR
20240520,3478,21120004_EA,21120004,Quick-Tie Regular Multi-purpose Clear Bags,Household Supplies,No Name,40 ea,7.99,ea,REGULAR
20240520,3478,20671325_EA,20671325,Fruit Salad in Fruit Juice from Concentrate,Not Available,No Name,540 ml,3.99,ea,REGULAR
20240520,3478,20144001_EA,20144001,Large Drawstring Garbage Bags,Household Supplies,No Name,20 ea,6.99,ea,REGULAR
20240520,3478,20359200_EA,20359200,"Vinyl Disposable Gloves, Large",Household Supplies,No Name,100 ea,10.99,ea,REGULAR
20240520,3478,20303890002_EA,20303890002,Refried Pinto Beans With Green Chilies,Not Available,No Name,398 ml,3.0,ea,REGULAR
20240520,3478,20159354_EA,20159354,Fully Cooked Real Bacon Bits,Not Available,No Name,85 g,4.99,ea,REGULAR
20240520,3478,20325921001_EA,20325921001,Chickpeas,Not Available,No Name,540 ml,1.49,ea,REGULAR
20240520,3478,20031065002_EA,20031065002,Ice Pops,Frozen,No Name,30x75.0 ml,6.29,ea,REGULAR
20240520,3480,20996039_EA,20996039,"Roasted Peanuts, No Salt",Fruits & Vegetables,No Name,907 g,6.5,ea,REGULAR
20240520,3480,20323762001_EA,20323762001,"Potato and Cheddar Perogies, Club Size",Frozen,No Name,2 kg,4.99,ea,REGULAR
20240520,3480,21120002_EA,21120002,Plastic Wrap ,Household Supplies,No Name,1 ea,3.99,ea,REGULAR
20240520,3480,20689438002_EA,20689438002,Fragrance-Free Dryer Sheets Club Size,Household Supplies,No Name,200 ea,7.99,ea,REGULAR
20240520,3480,20963747_EA,20963747,"Bathroom tissue, 24 Rolls",Household Supplies,No Name,1 ea,5.99,ea,REGULAR
20240520,3480,20155093_EA,20155093,Large Drawstring Garbage Bags,Household Supplies,No Name,60 ea,15.99,ea,REGULAR
20240520,3480,20084432_EA,20084432,Spanish Queen Olives,Not Available,No Name,375 ml,1.99,ea,REGULAR
20240520,3480,20636824_EA,20636824,Meat Lasagna,Frozen,No Name,1 kg,6.79,ea,REGULAR
20240520,3480,21379757_EA,21379757,Sweetened Apple Sauce,Not Available,No Name,620 ml,3.0,ea,REGULAR
20240520,3480,20606356_EA,20606356,Honey Graham Wafers,"Snacks, Chips & Candy",No Name,400 g,4.79,ea,REGULAR
20240520,3480,20689486_EA,20689486,Fragrance-Free Dryer Sheets,Household Supplies,No Name,80 ea,3.99,ea,REGULAR
20240520,3480,20554592_EA,20554592,Fava Beans,Not Available,No Name,540 ml,1.49,ea,REGULAR
20240520,3480,20554592_EA,20554592,Fava Beans,Not Available,No Name,540 ml,1.49,ea,REGULAR
20240520,3480,20618823_EA,20618823,Fruit Cocktail in Light Syrup,Not Available,No Name,796 ml,3.49,ea,REGULAR
20240520,3480,20023746001_EA,20023746001,Extra-Scented Scoopable Clumping Cat Litter for Multiple Cats,Not Available,No Name,7 kg,8.99,ea,REGULAR
20240520,3480,20304664_EA,20304664,Light 5% M.F. Sour Cream ,Dairy & Eggs,No Name,250 ml,2.19,ea,REGULAR
20240520,3480,21037550_EA,21037550,Scented Dual Action Odour Control Scoopable Clumping Cat Litter ,Not Available,No Name,7 kg,9.99,ea,REGULAR
20240520,3480,20002786_EA,20002786,Original Hot Dogs,Meat,No Name,450 g,4.0,ea,REGULAR
20240520,3480,21291286_EA,21291286,Microwave Butter Flavour Popcorn,"Snacks, Chips & Candy",No Name,492 g,3.49,ea,REGULAR
20240520,3480,20183991003_EA,20183991003,Fat-Free Cottage Cheese,Dairy & Eggs,No Name,500 g,3.99,ea,REGULAR
20240520,3490,20996039_EA,20996039,"Roasted Peanuts, No Salt",Fruits & Vegetables,No Name,907 g,6.5,ea,REGULAR
20240520,3490,20618858_EA,20618858,Whipped Dressing,Not Available,No Name,890 ml,3.49,ea,REGULAR
20240520,3490,21297819_EA,21297819,Whole Wheat English Muffins,Bakery,No Name,342 g,1.97,ea,SPECIAL
20240520,3490,20870034_EA,20870034,"Small Roaster Pans, 3 pack",Household Supplies,No Name,1 ea,4.0,ea,REGULAR
20240520,3490,20065295_EA,20065295,Buttermilk Pancakes,Frozen,No Name,310 g,2.5,ea,REGULAR
20240520,3490,20315613006_EA,20315613006,Penne Rigate Pasta,Not Available,No Name,900 g,2.0,ea,REGULAR
20240520,3490,21289738_EA,21289738,Light Medium Cheddar Cheese,Dairy & Eggs,No Name,400 g,5.99,ea,REGULAR
20240520,3490,21360096_EA,21360096,Rich & Chunky Beef Soup,Not Available,No Name,540 ml,2.49,ea,SPECIAL
20240520,3490,21406992_EA,21406992,Beach Umbrella,Not Available,No Name,1 ea,9.0,ea,SPECIAL
20240520,3490,20317943_EA,20317943,Shredded Mozzarella Cheese,Dairy & Eggs,No Name,900 g,14.49,ea,REGULAR
20240520,3490,20297188006_EA,20297188006,Sesame Rice Crackers,"Snacks, Chips & Candy",No Name,100 g,1.49,ea,REGULAR
20240520,3490,20554592_EA,20554592,Fava Beans,Not Available,No Name,540 ml,1.49,ea,REGULAR
20240520,3490,20554592_EA,20554592,Fava Beans,Not Available,No Name,540 ml,1.49,ea,REGULAR
20240520,3490,20618824_EA,20618824,Clingstone Peach Slices in Juice from Concentrate,Not Available,No Name,796 ml,3.49,ea,REGULAR
20240520,3490,20303890001_EA,20303890001,Refried Pinto Beans ,Not Available,No Name,398 ml,3.0,ea,REGULAR
20240520,3490,20945332001_EA,20945332001,Carrots,Fruits & Vegetables,No Name,2270 g,3.0,ea,SPECIAL
20240520,3490,20312728001_EA,20312728001,Flakes of Ham,Not Available,No Name,156 g,2.0,ea,SPECIAL
20240520,3490,20009675_EA,20009675,Long Grain Brown Rice,Not Available,No Name,2 kg,6.29,ea,REGULAR
20240520,3490,21384158_EA,21384158,Paper Dessert Plates Club Size  ,Home & Kitchen,No Name,125 ea,13.5,ea,REGULAR
20240520,3490,21036106_EA,21036106,Cream Cheese Spread ,Dairy & Eggs,No Name,227 g,3.0,ea,REGULAR
20240520,3494,20179276_EA,20179276,No.4 Cone Coffee Filters,Not Available,No Name,100 ea,3.49,ea,REGULAR
20240520,3494,21184786_EA,21184786,Reusable Bin with Straps,Home & Kitchen,No Name,1 ea,6.0,ea,REGULAR
20240520,3494,20322093001_EA,20322093001,Original Waffles,Frozen,No Name,1680 g,12.49,ea,REGULAR
20240520,3494,20870034_EA,20870034,"Small Roaster Pans, 3 pack",Household Supplies,No Name,1 ea,4.0,ea,REGULAR
20240520,3494,20963952_EA,20963952,6 Mega Paper Towel Rolls,Household Supplies,No Name,6 ea,9.99,ea,REGULAR
20240520,3494,20647401_EA,20647401,Thompson Seedless Raisins  ,Not Available,No Name,375 g,4.49,ea,REGULAR
20240520,3494,20141395_EA,20141395,Extra Virgin Olive Oil Club Size,Not Available,No Name,3 l,29.99,ea,REGULAR
20240520,3494,21297807_EA,21297807,Bagel Whole Wheat,Bakery,No Name,510 g,1.97,ea,SPECIAL
20240520,3494,20617491_EA,20617491,Walnut Pieces,Not Available,No Name,100 g,2.99,ea,REGULAR
20240520,3494,21541429_EA,21541429,"Thin Crust Pizza, Cheese",Frozen,No Name,369 g,3.5,ea,REGULAR
20240520,3494,21541429_EA,21541429,"Thin Crust Pizza, Cheese",Frozen,No Name,369 g,3.5,ea,REGULAR
20240520,3494,20618040_EA,20618040,Garlic Salt,Not Available,No Name,250 g,2.49,ea,REGULAR
20240520,3494,20097492_EA,20097492,Whole Mushrooms,Not Available,No Name,284 ml,1.29,ea,REGULAR
20240520,3494,21289765_EA,21289765,Mild Cheddar Cheese,Dairy & Eggs,No Name,400 g,5.99,ea,REGULAR
20240520,3494,21207721_EA,21207721,All Purpose Disinfectant Cleaner with Bleach ,Household Supplies,No Name,650 ml,2.49,ea,REGULAR
20240520,3494,20097482001_EA,20097482001,Spicy Thai Chili Flaked Light Tuna,Not Available,No Name,85 g,1.29,ea,REGULAR
20240520,3494,20572093002_EA,20572093002,Hazelnut Crème-Filled Wafers,"Snacks, Chips & Candy",No Name,175 g,1.79,ea,REGULAR
20240520,3494,20580726_EA,20580726,Dark Chocolate Bar,"Snacks, Chips & Candy",No Name,100 g,1.19,ea,REGULAR
20240520,3494,20010388_EA,20010388,100% Pure Corn Oil,Not Available,No Name,3 l,11.99,ea,REGULAR
20240520,3603,20047452_EA,20047452,No.2 Cone Coffee Filters,Not Available,No Name,100 ea,3.49,ea,REGULAR
20240520,3603,20872332_EA,20872332,"Rack Roaster with Lid, Medium",Household Supplies,No Name,1 ea,3.0,ea,REGULAR
20240520,3603,20301246001_EA,20301246001,"Soup Cups, Beef",Not Available,No Name,65 g,0.99,ea,REGULAR
20240520,3603,20425980_EA,20425980,Pecan Halves,Not Available,No Name,400 g,11.49,ea,REGULAR
20240520,3603,20038043_EA,20038043,Apple Juice Boxes,Drinks,No Name,10x200.0 ml,3.29,ea,REGULAR
20240520,3603,20322987_EA,20322987,5% M.F. Light Sour Cream,Dairy & Eggs,No Name,500 ml,3.19,ea,REGULAR
20240520,3603,20127455001_EA,20127455001,Sliced Blanched Almonds ,Not Available,No Name,100 g,2.79,ea,REGULAR
20240520,3603,20793444002_EA,20793444002,Ice Milk Neapolitan Club Size,Frozen,No Name,4 l,5.99,ea,REGULAR
20240520,3603,20307386002_EA,20307386002,Fettuccine Pasta,Not Available,No Name,500 g,1.49,ea,REGULAR
20240520,3603,21120004_EA,21120004,Quick-Tie Regular Multi-purpose Clear Bags,Household Supplies,No Name,40 ea,8.99,ea,REGULAR
20240520,3603,21120004_EA,21120004,Quick-Tie Regular Multi-purpose Clear Bags,Household Supplies,No Name,40 ea,8.99,ea,REGULAR
20240520,3603,20617972_EA,20617972,Rosemary Leaves,Not Available,No Name,50 g,2.49,ea,REGULAR
20240520,3603,20093190_EA,20093190,Lasagna Pasta,Not Available,No Name,500 g,2.49,ea,REGULAR
20240520,3603,20321193005_EA,20321193005,Bow Tie Pasta,Not Available,No Name,500 g,1.49,ea,REGULAR
20240520,3603,21161826_EA,21161826,"Round 10 Piece Meal PreContainer, Blue",Home & Kitchen,No Name,1 ea,5.0,ea,REGULAR
20240520,3603,20963747_EA,20963747,"Bathroom tissue, 24 Rolls",Household Supplies,No Name,1 ea,5.99,ea,REGULAR
20240520,3603,20975887_EA,20975887,"Pizza Mozzarella Cheese, 28% MF",Dairy & Eggs,No Name,700 g,7.89,ea,REGULAR
20240520,3603,21291286_EA,21291286,Microwave Butter Flavour Popcorn,"Snacks, Chips & Candy",No Name,492 g,3.49,ea,REGULAR
20240520,3603,21030561_EA,21030561,Pepperoni Pizzas,Frozen,No Name,1660 g,12.99,ea,REGULAR
20240520,3604,21394636_EA,21394636,No Name To Go Tumbler - Yellow,Home & Kitchen,No Name,1 ea,5.0,ea,REGULAR
20240520,3604,20323762001_EA,20323762001,"Potato and Cheddar Perogies, Club Size",Frozen,No Name,2 kg,4.99,ea,REGULAR
20240520,3604,20860677_EA,20860677,Iced Tea,Drinks,No Name,1.75 l,2.29,ea,REGULAR
20240520,3604,20557334_EA,20557334,"All-Purpose Scouring Sponges, 2-Pack",Household Supplies,No Name,1 ea,2.0,ea,REGULAR
20240520,3604,20600789_EA,20600789,Whole Tomatoes,Not Available,No Name,796 ml,1.79,ea,REGULAR
20240520,3604,20099988_EA,20099988,Extra Fancy Long Grain White Rice Club Size,Not Available,No Name,8 kg,16.99,ea,REGULAR
20240520,3604,20430176_EA,20430176,Artificial Vanilla Extract,Not Available,No Name,125 ml,3.29,ea,REGULAR
20240520,3604,20325830_EA,20325830,"Latex Rubber Gloves, Medium",Household Supplies,No Name,1 ea,2.0,ea,REGULAR
20240520,3604,20323024_EA,20323024,Fudge-Covered Graham Cookies,"Snacks, Chips & Candy",No Name,350 g,3.0,ea,SPECIAL
20240520,3604,20148493003_EA,20148493003,Diced White Potatoes,Not Available,No Name,540 ml,1.49,ea,REGULAR
20240520,3604,21221013_EA,21221013,Cheddar Flavour Processed Cheese Product Slices,Dairy & Eggs,No Name,800 g,8.49,ea,REGULAR
20240520,3604,21045313_EA,21045313,"Chicken Wings, Mild BBQ",Frozen,No Name,908 g,12.99,ea,REGULAR
20240520,3604,21045313_EA,21045313,"Chicken Wings, Mild BBQ",Frozen,No Name,908 g,12.99,ea,REGULAR
20240520,3604,20618044_EA,20618044,Nutmeg Ground,Not Available,No Name,125 g,2.49,ea,REGULAR
20240520,3604,20573474_EA,20573474,Beans with Pork and Molasses,Not Available,No Name,398 ml,0.99,ea,SPECIAL
20240520,3604,21358883_EA,21358883,Oxi-Burst Stain Remover,Household Supplies,No Name,1.36 kg,6.99,ea,REGULAR
20240520,3604,20114154_EA,20114154,Beef Burger 4 Oz,Frozen,No Name,1.36 kg,9.99,ea,SPECIAL
20240520,3604,21030593_EA,21030593,Cheese Pizzas,Frozen,No Name,1740 g,12.99,ea,REGULAR
20240520,3604,20316543002_EA,20316543002,Unsalted Butter,Dairy & Eggs,No Name,454 g,5.99,ea,REGULAR
20240520,3604,20628489001_EA,20628489001,Caesar Dressing,Not Available,No Name,475 ml,2.79,ea,REGULAR
20240520,3608,21081340_EA,21081340,Beef Rawhide Bagels Dog Treats,Pet Supplies,No Name,1 ea,16.99,ea,REGULAR
20240520,3608,20565372_EA,20565372,"Wood Coffee Stirrer, 7 in",Home & Kitchen,No Name,200x200.0 ea,2.5,ea,REGULAR
20240520,3608,20503449_EA,20503449,"Vegetable & Beef Cantonese Style Egg Rolls, 22 Pieces",Frozen,No Name,1 ea,12.99,ea,REGULAR
20240520,3608,21406992_EA,21406992,Beach Umbrella,Not Available,No Name,1 ea,9.0,ea,SPECIAL
20240520,3608,20556200_EA,20556200,Heavy-Duty & All-Purpose Mixed Scouring Sponges,Household Supplies,No Name,9 ea,4.0,ea,REGULAR
20240520,3608,20322949_EA,20322949,Old-Fashioned Pancake Mix,Not Available,No Name,905 g,2.79,ea,REGULAR
20240520,3608,20301663_EA,20301663,Condensed Chicken Noodle Soup,Not Available,No Name,284 ml,0.99,ea,SPECIAL
20240520,3608,21431243_EA,21431243,Dinner Roll,Bakery,No Name,420 g,2.99,ea,REGULAR
20240520,3608,20689486_EA,20689486,Fragrance-Free Dryer Sheets,Household Supplies,No Name,80 ea,4.49,ea,REGULAR
20240520,3608,20312728003_EA,20312728003,Flakes of Turkey,Not Available,No Name,142 g,2.0,ea,SPECIAL
20240520,3608,21120004_EA,21120004,Quick-Tie Regular Multi-purpose Clear Bags,Household Supplies,No Name,40 ea,8.99,ea,REGULAR
20240520,3608,21414691_EA,21414691,Hot Dogs Chicken Club Pack,Meat,No Name,1.5 kg,8.0,ea,REGULAR
20240520,3608,21414691_EA,21414691,Hot Dogs Chicken Club Pack,Meat,No Name,1.5 kg,8.0,ea,REGULAR
20240520,3608,20093190_EA,20093190,Lasagna Pasta,Not Available,No Name,500 g,2.49,ea,REGULAR
20240520,3608,21540272_EA,21540272,Fresh Scent Dirt Release Detergent,Household Supplies,No Name,4.43 l,10.49,ea,REGULAR
20240520,3608,20165317_EA,20165317,Magic Cleaning Pads,Household Supplies,No Name,2 pack,2.0,ea,REGULAR
20240520,3608,20963952_EA,20963952,6 Mega Paper Towel Rolls,Household Supplies,No Name,6 ea,11.99,ea,REGULAR
20240520,3608,20126627_EA,20126627,Cocktail Glass 90Z,Home & Kitchen,No Name,50x50.0 ea,5.5,ea,REGULAR
20240520,3608,20041626_EA,20041626,Whole Artichoke Hearts,Not Available,No Name,398 ml,3.79,ea,REGULAR
20240520,3608,21541444_EA,21541444,"Thin Crust Pizza, Spinach",Frozen,No Name,411 g,3.5,ea,REGULAR
20240520,3610,20179276_EA,20179276,No.4 Cone Coffee Filters,Not Available,No Name,100 ea,3.49,ea,REGULAR
20240520,3610,21168783_EA,21168783,Oven Liners,Household Supplies,No Name,1 ea,5.0,ea,REGULAR
20240520,3610,21509829_EA,21509829,Hot Dog Buns,Bakery,No Name,516 g,2.5,ea,SPECIAL
20240520,3610,21380631_EA,21380631,Dark Roast Ground Coffee,Drinks,No Name,925 g,8.99,ea,REGULAR
20240520,3610,21545097_EA,21545097,Naturally Imperfect Cultivated Blueberries,Frozen,No Name,300 g,3.0,ea,REGULAR
20240520,3610,20725249_EA,20725249,"Mopping Pad Refills, 12-Pack",Household Supplies,No Name,1 ea,4.99,ea,REGULAR
20240520,3610,20685574002_EA,20685574002,"Vanilla, Blueberry, Strawberry & Raspberry 0% M.F. Stirred Yogurt",Dairy & Eggs,No Name,12x100.0 g,5.79,ea,REGULAR
20240520,3610,21313152_EA,21313152,Extra Crisp English Muffins,Bakery,No Name,390 g,1.99,ea,SPECIAL
20240520,3610,21013432_EA,21013432,Vanilla Ice Cream Sandwiches,Frozen,No Name,24x120.0 ml,10.0,ea,REGULAR
20240520,3610,20297188006_EA,20297188006,Sesame Rice Crackers,"Snacks, Chips & Candy",No Name,100 g,1.69,ea,REGULAR
20240520,3610,20297188006_EA,20297188006,Sesame Rice Crackers,"Snacks, Chips & Candy",No Name,100 g,1.69,ea,REGULAR
20240520,3610,21315707_EA,21315707,Uncooked Stuffed Breaded Chicken Breast Cutlettes Parmesan,Frozen,No Name,284 g,4.99,ea,REGULAR
20240520,3610,20093190_EA,20093190,Lasagna Pasta,Not Available,No Name,500 g,2.49,ea,REGULAR
20240520,3610,20617951_EA,20617951,Whole Cashews,Not Available,No Name,100 g,3.49,ea,REGULAR
20240520,3610,20702577_EA,20702577,Crispy Rice Marshmallow Squares,Not Available,No Name,528 g,6.99,ea,REGULAR
20240520,3610,21082795_EA,21082795,Shredded Nacho Cheese Blend,Dairy & Eggs,No Name,320 g,5.49,ea,REGULAR
20240520,3610,20937529_EA,20937529,Naturally Imperfect White Mushrooms,Fruits & Vegetables,No Name,680 g,5.0,ea,SPECIAL
20240520,3610,20742372_EA,20742372,Mozzarella 100% Real Cheese Slices ,Dairy & Eggs,No Name,230 g,4.5,ea,REGULAR
20240520,3610,20085278_EA,20085278,Household Cleanser With Bleach ,Household Supplies,No Name,400 g,1.0,ea,REGULAR
20240520,3615,20996039_EA,20996039,"Roasted Peanuts, No Salt",Fruits & Vegetables,No Name,907 g,6.5,ea,REGULAR
20240520,3615,21099689_EA,21099689,Onion Recipe and Soup Mix,Not Available,No Name,56 g,1.49,ea,REGULAR
20240520,3615,21291286_EA,21291286,Microwave Butter Flavour Popcorn,"Snacks, Chips & Candy",No Name,492 g,3.49,ea,REGULAR
20240520,3615,20036631_EA,20036631,"Ground Cinnamon, Club Size",Not Available,No Name,560 g,7.99,ea,REGULAR
20240520,3615,20869961_EA,20869961,Cookie Sheets,Household Supplies,No Name,1 ea,3.5,ea,REGULAR
20240520,3615,21351315_EA,21351315,Cooler Bag,Home & Kitchen,No Name,1 ea,10.0,ea,SPECIAL
20240520,3615,21529754_EA,21529754,Macaroni and Cheese Dinner,Not Available,No Name,200 g,0.99,ea,REGULAR
20240520,3615,20296118001_EA,20296118001,Tart Shells,Dairy & Eggs,No Name,30 ea,5.99,ea,REGULAR
20240520,3615,21396264_EA,21396264,Hard Cooler 6L,Home & Kitchen,No Name,1 ea,14.0,ea,SPECIAL
20240520,3615,21396264_EA,21396264,Hard Cooler 6L,Home & Kitchen,No Name,1 ea,14.0,ea,SPECIAL
20240520,3615,20323322_EA,20323322,"Peas, Assorted Sizes ",Not Available,No Name,398 ml,1.29,ea,REGULAR
20240520,3615,21158728_EA,21158728,Reusable Grocery Tote Bag,Home & Kitchen,No Name,1 ea,2.0,ea,REGULAR
20240520,3615,20601347_EA,20601347,Whole Plum Tomatoes,Not Available,No Name,796 ml,1.79,ea,REGULAR
20240520,3615,20015284001_EA,20015284001,Butterscotch Ripple Ice Milk,Frozen,No Name,4 l,5.99,ea,REGULAR
20240520,3615,20054575_EA,20054575,Elbow Macaroni Pasta,Not Available,No Name,2 kg,4.0,ea,REGULAR
20240520,3615,20962493_EA,20962493,Cheese Flavoured Crunchy Snacks,"Snacks, Chips & Candy",No Name,200 g,2.49,ea,REGULAR
20240520,3615,21039704_EA,21039704,"Cocoa, Club Size",Not Available,No Name,454 g,7.99,ea,REGULAR
20240520,3615,20148495_EA,20148495,Orange Juice Boxes,Drinks,No Name,10x200.0 ml,5.29,ea,REGULAR
20240520,3616,21394636_EA,21394636,No Name To Go Tumbler - Yellow,Home & Kitchen,No Name,1 ea,5.0,ea,SPECIAL
20240520,3616,20565372_EA,20565372,"Wood Coffee Stirrer, 7 in",Home & Kitchen,No Name,200x200.0 ea,2.5,ea,REGULAR
20240520,3616,20047715_EA,20047715,100% Extra Virgin Olive Oil,Not Available,No Name,750 ml,11.99,ea,REGULAR
20240520,3616,20557208_EA,20557208,Heavy Duty Scouring Sponges,Household Supplies,No Name,6 ea,5.0,ea,REGULAR
20240520,3616,21301584_EA,21301584,Raspberry Turnover,"Snacks, Chips & Candy",No Name,300 g,2.99,ea,REGULAR
20240520,3616,20601345_EA,20601345,Crushed Tomatoes,Not Available,No Name,796 ml,1.79,ea,REGULAR
20240520,3616,21480144_EA,21480144,Naturally Imperfect Frozen Berry Blend,Frozen,No Name,2 kg,14.0,ea,REGULAR
20240520,3616,20162802_EA,20162802,Square Container 600ml,Home & Kitchen,No Name,7 ea,5.0,ea,REGULAR
20240520,3616,20944462001_EA,20944462001,Naturally Imperfect Potatoes 15lb,Fruits & Vegetables,No Name,6804 g,6.0,ea,SPECIAL
20240520,3616,20031065001_EA,20031065001,Space Pops,Frozen,No Name,30x75.0 ml,6.29,ea,REGULAR
20240520,3616,21377033_EA,21377033,Beef Bouillon Concentrate,Not Available,No Name,250 ml,4.99,ea,REGULAR
20240520,3616,21045313_EA,21045313,"Chicken Wings, Mild BBQ",Frozen,No Name,908 g,13.99,ea,REGULAR
20240520,3616,21045313_EA,21045313,"Chicken Wings, Mild BBQ",Frozen,No Name,908 g,13.99,ea,REGULAR
20240520,3616,20096883_EA,20096883,All-Beef Wieners,Meat,No Name,450 g,6.0,ea,REGULAR
20240520,3616,20296118002_EA,20296118002,Sweetened Tart Shells,Dairy & Eggs,No Name,30 ea,5.99,ea,REGULAR
20240520,3616,20896738_EA,20896738,Prune Nectar Unsweetened,Drinks,No Name,1.36 l,5.99,ea,REGULAR
20240520,3616,21207731_EA,21207731,Fresh Disinfectant All-Purpose Cleaner,Household Supplies,No Name,1.3 l,3.0,ea,REGULAR
20240520,3616,20053787_EA,20053787,Sweet Green Relish,Not Available,No Name,750 ml,3.49,ea,REGULAR
20240520,3616,21099682_EA,21099682,Onion Mix for Soup & Recipe 4 x 28g,Not Available,No Name,28 g,2.49,ea,REGULAR
20240520,3616,20331973_EA,20331973,Farmer's Marble Cheese ,Dairy & Eggs,No Name,200 g,3.49,ea,REGULAR
20240520,3619,20179276_EA,20179276,No.4 Cone Coffee Filters,Not Available,No Name,100 ea,3.49,ea,REGULAR
20240520,3619,20315613002_EA,20315613002,Spaghetti Pasta,Not Available,No Name,900 g,2.0,ea,REGULAR
20240520,3619,20600787_EA,20600787,Diced Tomatoes,Not Available,No Name,796 ml,1.79,ea,REGULAR
20240520,3619,20788628_EA,20788628,Calorie-Free Sucralose Sweetener Packets,Not Available,No Name,100 ea,4.79,ea,REGULAR
20240520,3619,20321776_EA,20321776,Chocolate Baking Crumbs,Not Available,No Name,400 g,4.49,ea,REGULAR
20240520,3619,20183991001_EA,20183991001,1% M.F. Light Cottage Cheese,Dairy & Eggs,No Name,500 g,3.99,ea,REGULAR
20240520,3619,20939699_EA,20939699,Plastic Cups 9Oz ( Pack Of 40),Home & Kitchen,No Name,1 ea,5.0,ea,REGULAR
20240520,3619,20503035003_EA,20503035003,Fruit Punch Juice Boxes,Drinks,No Name,10x200.0 ml,3.0,ea,REGULAR
20240520,3619,21393587_EA,21393587,Medium Roast Coffee Pods,Drinks,No Name,114 g,6.79,ea,REGULAR
20240520,3619,21168783_EA,21168783,Oven Liners,Household Supplies,No Name,1 ea,5.0,ea,REGULAR
20240520,3619,21168783_EA,21168783,Oven Liners,Household Supplies,No Name,1 ea,5.0,ea,REGULAR
20240520,3619,20617720_EA,20617720,Basil Leaves,Not Available,No Name,40 g,2.49,ea,REGULAR
20240520,3619,20618824_EA,20618824,Clingstone Peach Slices in Juice from Concentrate,Not Available,No Name,796 ml,3.49,ea,REGULAR
20240520,3619,21466969_EA,21466969,Apple Cider Vinegar,Not Available,No Name,1 l,1.99,ea,REGULAR
20240520,3619,21289745_EA,21289745,Farmer's Marble Cheese,Dairy & Eggs,No Name,400 g,5.99,ea,REGULAR
20240520,3619,20647362_EA,20647362,Pitted Prunes,Not Available,No Name,375 g,6.79,ea,REGULAR
20240520,3619,20326314001_EA,20326314001,Diced Clingstone Peaches in Light Syrup,"Snacks, Chips & Candy",No Name,4x107.0 ml,2.29,ea,REGULAR
20240520,3619,20105565_EA,20105565,Unsweetened Pineapple Juice,Drinks,No Name,1.36 l,3.99,ea,REGULAR
20240520,3619,21308578_EA,21308578,Black Oil & Striped Sunflower Wild Bird Seed Mix,Pet Supplies,No Name,4 kg,13.99,ea,REGULAR
20240520,3621,21394636_EA,21394636,No Name To Go Tumbler - Yellow,Home & Kitchen,No Name,1 ea,5.0,ea,REGULAR
20240520,3621,21509514_EA,21509514,Hot Dog Buns,Bakery,No Name,344 g,1.97,ea,SPECIAL
20240520,3621,20618577_EA,20618577,Social Tea Biscuits,"Snacks, Chips & Candy",No Name,350 g,3.0,ea,SPECIAL
20240520,3621,20320439006_EA,20320439006,Apple Drink,Drinks,No Name,2 l,2.0,ea,REGULAR
20240520,3621,21518578_EA,21518578,Paper Cups 20 Pack,Not Available,No Name,20 ea,2.0,ea,REGULAR
20240520,3621,20665613_EA,20665613,Non-Hydrogenated Margarine,Dairy & Eggs,No Name,1.36 kg,7.79,ea,REGULAR
20240520,3621,20083786_EA,20083786,Charcoal Starter,Home & Kitchen,No Name,1 ea,3.99,ea,SPECIAL
20240520,3621,20295818_EA,20295818,Peas and Carrots,Frozen,No Name,750 g,2.59,ea,REGULAR
20240520,3621,21047867_EA,21047867,Cream Cheese Product With Jalapeño ,Dairy & Eggs,No Name,227 g,3.0,ea,REGULAR
20240520,3621,20628590002_EA,20628590002,Mixed Fruit with Cherries in Light Syrup,Not Available,No Name,796 ml,3.49,ea,REGULAR
20240520,3621,20347400002_EA,20347400002,Ice Milk Fudge Bars,Frozen,No Name,30x60.0 ml,10.0,ea,REGULAR
20240520,3621,20618677_EA,20618677,Ground Cinnamon,Not Available,No Name,150 g,2.49,ea,REGULAR
20240520,3621,21168783_EA,21168783,Oven Liners,Household Supplies,No Name,1 ea,5.0,ea,REGULAR
20240520,3621,21168783_EA,21168783,Oven Liners,Household Supplies,No Name,1 ea,5.0,ea,REGULAR
20240520,3621,20734142_EA,20734142,"Smoked Sausages, Cheese",Meat,No Name,900 g,6.99,ea,SPECIAL
20240520,3621,20103516_EA,20103516,Chicken Bologna,Deli,No Name,375 g,3.0,ea,REGULAR
20240520,3621,21455936_EA,21455936,Herb and Spice Sour Cream Dip,Dairy & Eggs,No Name,250 g,3.19,ea,REGULAR
20240520,3621,21545101_EA,21545101,"Naturally Imperfect Pineapple, Banana, and Mango Fruit Blend",Frozen,No Name,400 g,3.0,ea,REGULAR
20240520,3621,20012421_EA,20012421,Malt Vinegar,Not Available,No Name,500 ml,1.69,ea,REGULAR
20240520,3621,20297898_EA,20297898,Oriental Style Special Blend Of Vegetables ,Frozen,No Name,750 g,2.59,ea,REGULAR
20240520,3621,20962493_EA,20962493,Cheese Flavoured Crunchy Snacks,"Snacks, Chips & Candy",No Name,200 g,2.49,ea,REGULAR
20240520,3625,20047452_EA,20047452,No.2 Cone Coffee Filters,Not Available,No Name,100 ea,3.49,ea,REGULAR
20240520,3625,20969990001_EA,20969990001,Naturally Imperfect Green Peppers 2.5lb Bag,Fruits & Vegetables,No Name,1130 g,6.0,ea,SPECIAL
20240520,3625,20957902_EA,20957902,Cheese Flavoured Twists,"Snacks, Chips & Candy",No Name,700 g,4.99,ea,REGULAR
20240520,3625,21289729_EA,21289729,"Old Cheddar Cheese, Light",Dairy & Eggs,No Name,400 g,5.99,ea,REGULAR
20240520,3625,20013437003_EA,20013437003,"Baking Cups, Large Rainbow",Household Supplies,No Name,50 ea,2.0,ea,REGULAR
20240520,3625,21033164_EA,21033164,Blueberries,Frozen,No Name,2 kg,14.0,ea,REGULAR
20240520,3625,20359200_EA,20359200,"Vinyl Disposable Gloves, Large",Household Supplies,No Name,100 ea,10.99,ea,REGULAR
20240520,3625,20617491_EA,20617491,Walnut Pieces,Not Available,No Name,100 g,2.99,ea,REGULAR
20240520,3625,20870360_EA,20870360,Storage Containers 20cm x 14cm x 5cm,Household Supplies,No Name,1 ea,5.5,ea,REGULAR
20240520,3625,20628489002_EA,20628489002,Italian Dressing,Not Available,No Name,475 ml,2.49,ea,REGULAR
20240520,3625,20005237_EA,20005237,Whole Kernel Corn,Not Available,No Name,341 ml,1.29,ea,REGULAR
20240520,3625,20325921006_EA,20325921006,Beans Navy,Not Available,No Name,540 ml,1.49,ea,REGULAR
20240520,3625,20325921006_EA,20325921006,Beans Navy,Not Available,No Name,540 ml,1.49,ea,REGULAR
20240520,3625,20671326_EA,20671326,Sliced Pears in Fruit Juice from Concentrate,Not Available,No Name,540 ml,3.99,ea,REGULAR
20240520,3625,21315345_EA,21315345,Fresh Scent Dirt Release Laundry Detergent,Household Supplies,No Name,4 kg,11.99,ea,REGULAR
20240520,3625,20323398002_EA,20323398002,"Smooth Peanut Butter, Club Size",Not Available,No Name,2 kg,8.49,ea,REGULAR
20240520,3625,20870584_EA,20870584,Roaster Pans with Lids 30 cm x 24 cm x 5.9 cm,Household Supplies,No Name,1 ea,5.0,ea,REGULAR
20240520,3625,20181401_EA,20181401,Garlic Salt,Not Available,No Name,1 kg,8.99,ea,REGULAR
20240520,3625,20305325_EA,20305325,Cranberry Cocktail,Drinks,No Name,3.78 l,5.99,ea,REGULAR
20240520,3625,20306897_EA,20306897,"Napkins 1 Ply Club Size, 500 Sheets",Household Supplies,No Name,1 ea,5.49,ea,REGULAR
20240520,3628,20047452_EA,20047452,No.2 Cone Coffee Filters,Not Available,No Name,100 ea,3.49,ea,REGULAR
20240520,3628,20858029_EA,20858029,Fully Cooked Ham,Meat,No Name,800 g,13.0,ea,REGULAR
20240520,3628,21529762_EA,21529762,Fresh Scent Dirt Release Detergent Club Size,Household Supplies,No Name,6 l,14.99,ea,REGULAR
20240520,3628,20140914_EA,20140914,Marinated Quartered Artichoke Hearts,Not Available,No Name,170 ml,2.0,ea,REGULAR
20240520,3628,20137094_EA,20137094,Basket Coffee Filters,Not Available,No Name,250 ea,3.49,ea,REGULAR
20240520,3628,20320439005_EA,20320439005,Peach Drink,Drinks,No Name,2 l,2.0,ea,REGULAR
20240520,3628,20127455002_EA,20127455002,Slivered Almonds ,Not Available,No Name,100 g,2.79,ea,REGULAR
20240520,3628,20642581_EA,20642581,Lemon Juice,Drinks,No Name,946 ml,2.49,ea,REGULAR
20240520,3628,20321193003_EA,20321193003,Medium Shells Pasta,Not Available,No Name,500 g,1.49,ea,REGULAR
20240520,3628,20316133_EA,20316133,Caramel Coconut Cookies,"Snacks, Chips & Candy",No Name,198 g,3.0,ea,SPECIAL
20240520,3628,21168783_EA,21168783,Oven Liners,Household Supplies,No Name,1 ea,5.0,ea,REGULAR
20240520,3628,20618573_EA,20618573,Ground Mustard,Not Available,No Name,100 g,2.49,ea,REGULAR
20240520,3628,20618573_EA,20618573,Ground Mustard,Not Available,No Name,100 g,2.49,ea,REGULAR
20240520,3628,20734371_EA,20734371,Original Smoked Sausages,Meat,No Name,900 g,10.0,ea,REGULAR
20240520,3628,20296118002_EA,20296118002,Sweetened Tart Shells,Dairy & Eggs,No Name,30 ea,7.49,ea,REGULAR
20240520,3628,20189239_EA,20189239,Square Container 930ml,Home & Kitchen,No Name,6 ea,5.0,ea,REGULAR
20240520,3628,21216994_EA,21216994,Cream Cheese Spread with Everything Bagel Seasoning,Dairy & Eggs,No Name,227 g,3.0,ea,REGULAR
20240520,3628,20177169001_EA,20177169001,Extra-Scented Scoopable Clumping Cat Litter for Multiple Cats,Not Available,No Name,18 kg,11.49,ea,REGULAR
20240520,3628,21030802_EA,21030802,Unbleached All-Purpose Flour,Not Available,No Name,2.5 kg,3.77,ea,REGULAR
20240520,3628,20040005_EA,20040005,Shrimp Flavour Instant Noodle Soup,Not Available,No Name,85 g,0.39,ea,REGULAR
20240520,3629,21394636_EA,21394636,No Name To Go Tumbler - Yellow,Home & Kitchen,No Name,1 ea,5.0,ea,REGULAR
20240520,3629,20002659_EA,20002659,Semi-Sweet Chocolate Chips,Not Available,No Name,300 g,3.99,ea,REGULAR
20240520,3629,20812726001_EA,20812726001,Grade A Extra Large Eggs,Dairy & Eggs,No Name,12 eggs,4.62,ea,REGULAR
20240520,3629,20305292_EA,20305292,Cream-Style Corn,Not Available,No Name,398 ml,1.29,ea,REGULAR
20240520,3629,21518578_EA,21518578,Paper Cups 20 Pack,Not Available,No Name,20 ea,2.0,ea,REGULAR
20240520,3629,21035629_EA,21035629,Light Original Cream Cheese Product,Dairy & Eggs,No Name,227 g,3.0,ea,REGULAR
20240520,3629,20077817_EA,20077817,"Old Cheddar Cheese, Club Size",Dairy & Eggs,No Name,2.27 kg,29.99,ea,REGULAR
20240520,3629,20301663_EA,20301663,Condensed Chicken Noodle Soup,Not Available,No Name,284 ml,0.99,ea,SPECIAL
20240520,3629,20299193_EA,20299193,Marble Cheddar Cheese  ,Dairy & Eggs,No Name,2.27 kg,29.99,ea,REGULAR
20240520,3629,20347400002_EA,20347400002,Ice Milk Fudge Bars,Frozen,No Name,30x60.0 ml,10.0,ea,REGULAR
20240520,3629,20297188006_EA,20297188006,Sesame Rice Crackers,"Snacks, Chips & Candy",No Name,100 g,1.69,ea,REGULAR
20240520,3629,21045313_EA,21045313,"Chicken Wings, Mild BBQ",Frozen,No Name,908 g,12.99,ea,REGULAR
20240520,3629,21396264_EA,21396264,Hard Cooler 6L,Home & Kitchen,No Name,1 ea,14.0,ea,SPECIAL
20240520,3629,21396264_EA,21396264,Hard Cooler 6L,Home & Kitchen,No Name,1 ea,14.0,ea,SPECIAL
20240520,3629,21409686_EA,21409686,Fruit Cocktail In Water,Not Available,No Name,398 ml,1.99,ea,REGULAR
20240520,3629,21283329_EA,21283329,Float Pops,Frozen,No Name,30x60.0 ml,10.0,ea,REGULAR
20240520,3629,20701744_EA,20701744,"Club Pack Chicken Wings, Split",Frozen,No Name,2 kg,29.99,ea,REGULAR
20240520,3629,20174399_EA,20174399,"2-Ply Hypoallergenic Facial Tissues, 6 Boxes, 200 Sheets Each",Household Supplies,No Name,6x1.0 ea,10.99,ea,REGULAR
20240520,3629,20130996_EA,20130996,Wine Sauerkraut,Not Available,No Name,1 l,5.99,ea,REGULAR
20240520,3629,21489589_EA,21489589,Bleach,Household Supplies,No Name,1.27 l,2.99,ea,REGULAR
20240520,3629,20793444002_EA,20793444002,Ice Milk Neapolitan Club Size,Frozen,No Name,4 l,5.99,ea,REGULAR
20240520,3631,20047452_EA,20047452,No.2 Cone Coffee Filters,Not Available,No Name,100 ea,3.49,ea,REGULAR
20240520,3631,21178766_EA,21178766,Breaded Chicken Cutlettes Chicken Nuggets Club Size,Frozen,No Name,1810 g,10.99,ea,REGULAR
20240520,3631,20056697_EA,20056697,Pure Tomato Paste,Not Available,No Name,369 ml,1.69,ea,REGULAR
20240520,3631,20606356_EA,20606356,Honey Graham Wafers,"Snacks, Chips & Candy",No Name,400 g,4.79,ea,REGULAR
20240520,3631,20058192_EA,20058192,Chicken Hot Dogs,Meat,No Name,450 g,3.0,ea,REGULAR
20240520,3631,20866309_EA,20866309,"Cake Pans with Lids, 13x19""",Household Supplies,No Name,1 ea,5.0,ea,REGULAR
20240520,3631,21024382_EA,21024382,Fume Free Oven Cleaner,Household Supplies,No Name,400 g,4.29,ea,REGULAR
20240520,3631,20313108_EA,20313108,Medium Pitted Ripe Olives,Not Available,No Name,398 ml,1.79,ea,REGULAR
20240520,3631,20869964_EA,20869964,Loaf Pans with Lids,Household Supplies,No Name,2 ea,3.5,ea,REGULAR
20240520,3631,20889881_EA,20889881,"Breadsticks and Cheese, Processed Cheese Product","Snacks, Chips & Candy",No Name,3x29.0 g,1.5,ea,REGULAR
20240520,3631,21377033_EA,21377033,Beef Bouillon Concentrate,Not Available,No Name,250 ml,4.99,ea,REGULAR
20240520,3631,21045313_EA,21045313,"Chicken Wings, Mild BBQ",Frozen,No Name,908 g,13.99,ea,REGULAR
20240520,3631,21045313_EA,21045313,"Chicken Wings, Mild BBQ",Frozen,No Name,908 g,13.99,ea,REGULAR
20240520,3631,20097492_EA,20097492,Whole Mushrooms,Not Available,No Name,284 ml,1.29,ea,REGULAR
20240520,3631,20055326001_EA,20055326001,Red Glace Cherries,Not Available,No Name,450 g,6.79,ea,REGULAR
20240520,3631,21161826_EA,21161826,"Round 10 Piece Meal PreContainer, Blue",Home & Kitchen,No Name,1 ea,5.0,ea,REGULAR
20240520,3631,20870584_EA,20870584,Roaster Pans with Lids 30 cm x 24 cm x 5.9 cm,Household Supplies,No Name,1 ea,5.0,ea,REGULAR
20240520,3631,20683943_EA,20683943,Chocolate Hazelnut Spread,Not Available,No Name,725 g,5.0,ea,SPECIAL
20240520,3631,20795392_EA,20795392,Salted Tops Soda Crackers,"Snacks, Chips & Candy",No Name,454 g,3.29,ea,REGULAR
20240520,3631,20503300_EA,20503300,"Stuffed Breaded Chicken Breasts, Ham & Cheese",Frozen,No Name,284 g,4.79,ea,REGULAR
20240520,3633,20047452_EA,20047452,No.2 Cone Coffee Filters,Not Available,No Name,100 ea,3.49,ea,REGULAR
20240520,3633,20301012_EA,20301012,Mixed Vegetables,Frozen,No Name,750 g,2.59,ea,REGULAR
20240520,3633,20618577_EA,20618577,Social Tea Biscuits,"Snacks, Chips & Candy",No Name,350 g,3.0,ea,SPECIAL
20240520,3633,20869962_EA,20869962,Square Cake Pans with Lids,Household Supplies,No Name,1 ea,5.0,ea,REGULAR
20240520,3633,20307131002_EA,20307131002,Sweetened Flaked Coconut,Not Available,No Name,200 g,2.29,ea,REGULAR
20240520,3633,21308192_EA,21308192,Fat Free Sour Cream,Dairy & Eggs,No Name,500 ml,3.19,ea,REGULAR
20240520,3633,21480144_EA,21480144,Naturally Imperfect Frozen Berry Blend,Frozen,No Name,2 kg,14.0,ea,REGULAR
20240520,3633,20148493003_EA,20148493003,Diced White Potatoes,Not Available,No Name,540 ml,1.49,ea,REGULAR
20240520,3633,20023746003_EA,20023746003,Scented Scoopable Clumping Cat Litter,Not Available,No Name,7 kg,8.99,ea,REGULAR
20240520,3633,20323398001_EA,20323398001,Smooth Light Peanut Butter,Not Available,No Name,2 kg,8.49,ea,REGULAR
20240520,3633,21213760_EA,21213760,Graham Cracker Pie Crust,Not Available,No Name,170 g,2.79,ea,REGULAR
20240520,3633,20618890_EA,20618890,Clingstone Peach Slices in Light Syrup,Not Available,No Name,796 ml,3.49,ea,REGULAR
20240520,3633,20618858_EA,20618858,Whipped Dressing,Not Available,No Name,890 ml,3.69,ea,REGULAR
20240520,3633,20618858_EA,20618858,Whipped Dressing,Not Available,No Name,890 ml,3.69,ea,REGULAR
20240520,3633,21061463_EA,21061463,All-Purpose Flour,Not Available,No Name,1 kg,2.79,ea,REGULAR
20240520,3633,20155482_EA,20155482,Medium Zipper Freezer Bags,Household Supplies,No Name,40 ea,5.99,ea,REGULAR
20240520,3633,20987666001_EA,20987666001,Naturally Imperfect Pears,Fruits & Vegetables,No Name,2.87 kg,8.0,ea,REGULAR
20240520,3633,20869973_EA,20869973,Square Cake Pans,Household Supplies,No Name,1 ea,4.0,ea,REGULAR
20240520,3633,20315322001_EA,20315322001,"Large Marshmallows, Club Size",Not Available,No Name,1 kg,5.99,ea,REGULAR
20240520,3633,21097602_EA,21097602,Pineapple Tidbits in Pineapple Juice,Not Available,No Name,540 ml,1.79,ea,REGULAR
20240520,3633,20962493_EA,20962493,Cheese Flavoured Crunchy Snacks,"Snacks, Chips & Candy",No Name,200 g,2.49,ea,REGULAR
20240520,3634,20996039_EA,20996039,"Roasted Peanuts, No Salt",Fruits & Vegetables,No Name,907 g,6.5,ea,REGULAR
20240520,3634,20304664_EA,20304664,Light 5% M.F. Sour Cream ,Dairy & Eggs,No Name,250 ml,2.19,ea,REGULAR
20240520,3634,21047797_EA,21047797,Light Cream Cheese Product with Herbs & Roasted Garlic ,Dairy & Eggs,No Name,227 g,3.0,ea,REGULAR
20240520,3634,20312337002_EA,20312337002,Beef Bouillon Concentrate,Not Available,No Name,500 ml,7.29,ea,REGULAR
20240520,3634,20556200_EA,20556200,Heavy-Duty & All-Purpose Mixed Scouring Sponges,Household Supplies,No Name,9 ea,4.0,ea,REGULAR
20240520,3634,20105565_EA,20105565,Unsweetened Pineapple Juice,Drinks,No Name,1.36 l,3.99,ea,REGULAR
20240520,3634,21464491_EA,21464491,"Paper Straws, 50 Straws",Not Available,No Name,50 ea,1.5,ea,REGULAR
20240520,3634,20303822_EA,20303822,Whole Kernel Crisp Corn,Not Available,No Name,341 ml,1.29,ea,REGULAR
20240520,3634,20307812_EA,20307812,Sliced Manzanilla Olives,Not Available,No Name,375 ml,1.99,ea,REGULAR
20240520,3634,21120004_EA,21120004,Quick-Tie Regular Multi-purpose Clear Bags,Household Supplies,No Name,40 ea,7.99,ea,REGULAR
20240520,3634,21120004_EA,21120004,Quick-Tie Regular Multi-purpose Clear Bags,Household Supplies,No Name,40 ea,7.99,ea,REGULAR
20240520,3634,20618033_EA,20618033,Ground Cumin,Not Available,No Name,97 g,2.49,ea,REGULAR
20240520,3634,21343191_EA,21343191,Blueberry Bagel,Bakery,No Name,450 g,1.97,ea,SPECIAL
20240520,3634,20072342_EA,20072342,100% Canadian Pure Creamed Honey,Not Available,No Name,1 kg,8.99,ea,REGULAR
20240520,3634,20648022_EA,20648022,Medium Whole Prunes,Not Available,No Name,750 g,11.99,ea,REGULAR
20240520,3634,20296985001_EA,20296985001,Smooth Peanut Butter,Not Available,No Name,1 kg,4.79,ea,REGULAR
20240520,3634,21214380_EA,21214380,Chocolate Pie Crust,Not Available,No Name,170 g,2.49,ea,REGULAR
20240520,3634,21097602_EA,21097602,Pineapple Tidbits in Pineapple Juice,Not Available,No Name,540 ml,1.79,ea,REGULAR
20240520,3634,21180125_EA,21180125,Instant Coffee,Drinks,No Name,150 g,4.99,ea,REGULAR
20240520,3636,21394636_EA,21394636,No Name To Go Tumbler - Yellow,Home & Kitchen,No Name,1 ea,5.0,ea,SPECIAL
20240520,3636,20296985003_EA,20296985003,Smooth Light Peanut Butter,Not Available,No Name,1 kg,4.79,ea,REGULAR
20240520,3636,20860677_EA,20860677,Iced Tea,Drinks,No Name,1.75 l,2.29,ea,REGULAR
20240520,3636,20547831_EA,20547831,Mayonnaise,Not Available,No Name,445 ml,3.79,ea,REGULAR
20240520,3636,20013437003_EA,20013437003,"Baking Cups, Large Rainbow",Household Supplies,No Name,50 ea,2.0,ea,REGULAR
20240520,3636,20627614002_EA,20627614002,Mayonnaise,Not Available,No Name,890 ml,4.79,ea,REGULAR
20240520,3636,21397728_EA,21397728,Calorie-Free Sweetener Packets,Not Available,No Name,200 g,2.99,ea,REGULAR
20240520,3636,20306030_EA,20306030,Original syrup,Not Available,No Name,750 ml,3.29,ea,REGULAR
20240520,3636,20180393_EA,20180393,Resealable Sandwich Bags,Household Supplies,No Name,100 ea,3.5,ea,REGULAR
20240520,3636,20320439006_EA,20320439006,Apple Drink,Drinks,No Name,2 l,2.0,ea,REGULAR
20240520,3636,21393587_EA,21393587,Medium Roast Coffee Pods,Drinks,No Name,114 g,6.79,ea,REGULAR
20240520,3636,20923786_EA,20923786,"Quick 100% Whole Grain Oats, Club Size",Not Available,No Name,2.25 kg,6.49,ea,REGULAR
20240520,3636,20097482003_EA,20097482003,Citrus Pepper Flaked Light Tuna,Not Available,No Name,85 g,1.29,ea,REGULAR
20240520,3636,20097482003_EA,20097482003,Citrus Pepper Flaked Light Tuna,Not Available,No Name,85 g,1.29,ea,REGULAR
20240520,3636,20923942_EA,20923942,One Minute 100% Whole Grain Oats,Not Available,No Name,900 g,2.79,ea,REGULAR
20240520,3636,20298374_EA,20298374,Large Zipper Freezer Bags,Household Supplies,No Name,30 ea,5.99,ea,REGULAR
20240520,3636,21358883_EA,21358883,Oxi-Burst Stain Remover,Household Supplies,No Name,1.36 kg,6.99,ea,REGULAR
20240520,3636,20632363_EA,20632363,Assorted Sizes Peas,Not Available,No Name,284 ml,1.49,ea,REGULAR
20240520,3636,20060473_EA,20060473,Pure White Vinegar,Not Available,No Name,1 l,1.5,ea,REGULAR
20240520,3636,20296985003_EA,20296985003,Smooth Light Peanut Butter,Not Available,No Name,1 kg,4.79,ea,REGULAR
20240520,3636,21191816_EA,21191816,Seasoned Dry Roasted Peanuts,"Snacks, Chips & Candy",No Name,650 g,4.99,ea,REGULAR
20240520,3639,20047452_EA,20047452,No.2 Cone Coffee Filters,Not Available,No Name,100 ea,3.49,ea,REGULAR
20240520,3639,20011604_EA,20011604,Medium Grain Calrose Rice,Not Available,No Name,8 kg,22.99,ea,REGULAR
20240520,3639,20812726001_EA,20812726001,Grade A Extra Large Eggs,Dairy & Eggs,No Name,12 eggs,4.58,ea,REGULAR
20240520,3639,21540283_EA,21540283,Detergent Dirt Release Cold Water,Household Supplies,No Name,4.43 l,9.99,ea,REGULAR
20240520,3639,20302135_EA,20302135,Assorted Sizes Cut Green Beans,Not Available,No Name,398 ml,1.29,ea,REGULAR
20240520,3639,20896738_EA,20896738,Prune Nectar Unsweetened,Drinks,No Name,1.36 l,5.99,ea,REGULAR
20240520,3639,21302943_EA,21302943,Dill Pickle Potato Chips,"Snacks, Chips & Candy",No Name,200 g,1.49,ea,REGULAR
20240520,3639,20047715_EA,20047715,100% Extra Virgin Olive Oil,Not Available,No Name,750 ml,11.99,ea,REGULAR
20240520,3639,21384145_EA,21384145,Paper Luncheon Plates 40 Pack,Home & Kitchen,No Name,40 ea,5.0,ea,SPECIAL
20240520,3639,20166921_EA,20166921,Calorie-Free Sweetener Packets,Not Available,No Name,160 g,3.99,ea,REGULAR
20240520,3639,20097482003_EA,20097482003,Citrus Pepper Flaked Light Tuna,Not Available,No Name,85 g,1.29,ea,REGULAR
20240520,3639,21045311_EA,21045311,"Chicken Wings, Honey Garlic",Frozen,No Name,908 g,13.99,ea,REGULAR
20240520,3639,21045311_EA,21045311,"Chicken Wings, Honey Garlic",Frozen,No Name,908 g,13.99,ea,REGULAR
20240520,3639,20096883_EA,20096883,All-Beef Wieners,Meat,No Name,450 g,6.0,ea,REGULAR
20240520,3639,20573474_EA,20573474,Beans with Pork and Molasses,Not Available,No Name,398 ml,0.99,ea,SPECIAL
20240520,3639,20323398002_EA,20323398002,"Smooth Peanut Butter, Club Size",Not Available,No Name,2 kg,8.49,ea,REGULAR
20240520,3639,20521655_EA,20521655,Fruit Salad with Cherries in Light Syrup,"Snacks, Chips & Candy",No Name,4x107.0 ml,2.29,ea,REGULAR
20240520,3639,20177169001_EA,20177169001,Extra-Scented Scoopable Clumping Cat Litter for Multiple Cats,Not Available,No Name,18 kg,9.99,ea,REGULAR
20240520,3639,20153259_EA,20153259,Pie Shells,Dairy & Eggs,No Name,350 g,3.99,ea,REGULAR
20240520,3639,20313108_EA,20313108,Medium Pitted Ripe Olives,Not Available,No Name,398 ml,1.79,ea,REGULAR
20240520,3640,20996039_EA,20996039,"Roasted Peanuts, No Salt",Fruits & Vegetables,No Name,907 g,6.5,ea,REGULAR
20240520,3640,20322677_EA,20322677,Cheese Flavoured Twists,"Snacks, Chips & Candy",No Name,200 g,2.49,ea,REGULAR
20240520,3640,21509829_EA,21509829,Hot Dog Buns,Bakery,No Name,516 g,2.5,ea,SPECIAL
20240520,3640,20331973_EA,20331973,Farmer's Marble Cheese ,Dairy & Eggs,No Name,200 g,3.49,ea,REGULAR
20240520,3640,20013437002_EA,20013437002,"Baking Cups, Giant White, 50-Pack",Household Supplies,No Name,1 ea,2.0,ea,REGULAR
20240520,3640,20308105002_EA,20308105002,Pasteurized Light Cream Cheese Spread,Dairy & Eggs,No Name,250 g,3.0,ea,REGULAR
20240520,3640,21218696_EA,21218696,Streak-Free Glass Cleaner ,Household Supplies,No Name,765 ml,2.0,ea,REGULAR
20240520,3640,20325921001_EA,20325921001,Chickpeas,Not Available,No Name,540 ml,1.49,ea,REGULAR
20240520,3640,21213760_EA,21213760,Graham Cracker Pie Crust,Not Available,No Name,170 g,2.49,ea,REGULAR
20240520,3640,20097482003_EA,20097482003,Citrus Pepper Flaked Light Tuna,Not Available,No Name,85 g,1.29,ea,REGULAR
20240520,3640,20097482003_EA,20097482003,Citrus Pepper Flaked Light Tuna,Not Available,No Name,85 g,1.29,ea,REGULAR
20240520,3640,20325921006_EA,20325921006,Beans Navy,Not Available,No Name,540 ml,1.49,ea,REGULAR
20240520,3640,21040543_EA,21040543,2% Evaporated Partly Skimmed Milk,Drinks,No Name,354 ml,1.99,ea,REGULAR
20240520,3640,20010471_EA,20010471,Red Wine Vinegar,Not Available,No Name,500 ml,1.69,ea,REGULAR
20240520,3640,20165317_EA,20165317,Magic Cleaning Pads,Household Supplies,No Name,2 pack,2.0,ea,REGULAR
20240520,3640,20870423_EA,20870423,"Electric Burner Liners, Large",Household Supplies,No Name,6 ea,3.5,ea,REGULAR
20240520,3640,20685773003_EA,20685773003,Vanilla Stirred 0% M.F. Yogurt,Dairy & Eggs,No Name,650 g,3.19,ea,REGULAR
20240520,3640,21283326_EA,21283326,Cookies & Cream Ice Cream Sandwiches ,Frozen,No Name,24x120.0 ml,10.0,ea,REGULAR
20240520,3640,20069589_EA,20069589,Long Grain White Rice,Not Available,No Name,2 kg,5.49,ea,REGULAR
20240520,3641,20113422002_EA,20113422002,Light Whipped Topping,Frozen,No Name,1 l,3.59,ea,REGULAR
20240520,3641,20323294_EA,20323294,Sliced Ripe Olives,Not Available,No Name,398 ml,1.99,ea,REGULAR
20240520,3641,20067335_EA,20067335,"Eggs, Large Brown",Dairy & Eggs,No Name,12 eggs,4.89,ea,REGULAR
20240520,3641,21313152_EA,21313152,Extra Crisp English Muffins,Bakery,No Name,390 g,2.69,ea,REGULAR
20240520,3641,20963916_EA,20963916,"Bathroom Tissue, 24 Double Rolls",Household Supplies,No Name,1 ea,11.49,ea,REGULAR
20240520,3641,20312260_EA,20312260,Green Peas,Frozen,No Name,750 g,2.59,ea,REGULAR
20240520,3641,20052738_EA,20052738,Plum Sauce,Not Available,No Name,750 ml,3.79,ea,REGULAR
20240520,3641,20097482003_EA,20097482003,Citrus Pepper Flaked Light Tuna,Not Available,No Name,85 g,1.29,ea,REGULAR
20240520,3641,20097482003_EA,20097482003,Citrus Pepper Flaked Light Tuna,Not Available,No Name,85 g,1.29,ea,REGULAR
20240520,3641,21045668_EA,21045668,Buffalo Chicken Wings,Frozen,No Name,908 g,12.99,ea,REGULAR
20240520,3641,21545092_EA,21545092,Naturally Imperfect Mango Chunks,Frozen,No Name,400 g,3.0,ea,REGULAR
20240520,3641,21541338_EA,21541338,Fresh Scent Fabric Softener,Household Supplies,No Name,1.36 l,4.29,ea,REGULAR
20240520,3641,20642653_EA,20642653,Summer Sausage,Deli,No Name,1 kg,12.0,ea,REGULAR
20240520,3641,20304191_EA,20304191,Cut Green Beans,Frozen,No Name,750 g,2.59,ea,REGULAR
20240520,3641,20793444002_EA,20793444002,Ice Milk Neapolitan Club Size,Frozen,No Name,4 l,5.99,ea,REGULAR
20240520,3641,20937529_EA,20937529,Naturally Imperfect White Mushrooms,Fruits & Vegetables,No Name,680 g,5.0,ea,SPECIAL
20240520,3641,20017493_EA,20017493,Whipped Topping ,Dairy & Eggs,No Name,225 g,3.89,ea,REGULAR
20240520,3642,21124368001_EA,21124368001,Naturally Imperfect Limes,Fruits & Vegetables,No Name,907 g,6.0,ea,REGULAR
20240520,3642,21124368001_EA,21124368001,Naturally Imperfect Limes,Fruits & Vegetables,No Name,907 g,6.0,ea,REGULAR
20240520,3643,20179276_EA,20179276,No.4 Cone Coffee Filters,Not Available,No Name,100 ea,3.49,ea,REGULAR
20240520,3643,20552134003_EA,20552134003,Concentrated Grape Punch,Frozen,No Name,283 ml,1.39,ea,REGULAR
20240520,3643,20323762001_EA,20323762001,"Potato and Cheddar Perogies, Club Size",Frozen,No Name,2 kg,4.99,ea,REGULAR
20240520,3643,21540283_EA,21540283,Detergent Dirt Release Cold Water,Household Supplies,No Name,4.43 l,9.99,ea,REGULAR
20240520,3643,20013437003_EA,20013437003,"Baking Cups, Large Rainbow",Household Supplies,No Name,50 ea,2.0,ea,REGULAR
20240520,3643,20896738_EA,20896738,Prune Nectar Unsweetened,Drinks,No Name,1.36 l,5.99,ea,REGULAR
20240520,3643,21096226_EA,21096226,Seasoned Croutons,Not Available,No Name,145 g,2.0,ea,SPECIAL
20240520,3643,21096226_EA,21096226,Seasoned Croutons,Not Available,No Name,145 g,2.0,ea,SPECIAL
20240520,3643,20318062001_EA,20318062001,Salted Blanched Peanuts,"Snacks, Chips & Candy",No Name,500 g,3.99,ea,REGULAR
20240520,3643,20109368_EA,20109368,Balanced Nutrition For Dogs,Pet Supplies,No Name,16 kg,29.99,ea,REGULAR
20240520,3643,20097482003_EA,20097482003,Citrus Pepper Flaked Light Tuna,Not Available,No Name,85 g,1.29,ea,REGULAR
20240520,3643,20891403_EA,20891403,Stuffed Chicken with Jalapeno & Cheese,Frozen,No Name,284 g,4.79,ea,REGULAR
20240520,3643,20891403_EA,20891403,Stuffed Chicken with Jalapeno & Cheese,Frozen,No Name,284 g,4.79,ea,REGULAR
20240520,3643,20734141_EA,20734141,Knackwurst Smoked Sausages,Meat,No Name,900 g,6.99,ea,SPECIAL
20240520,3643,20617951_EA,20617951,Whole Cashews,Not Available,No Name,100 g,3.29,ea,REGULAR
20240520,3643,20322093002_EA,20322093002,Blueberry Waffles,Frozen,No Name,1680 g,12.49,ea,REGULAR
20240520,3643,20567432_EA,20567432,Tomato Juice,Drinks,No Name,1.36 l,3.29,ea,REGULAR
20240520,3643,21308570_EA,21308570,Wild Bird Seed Mix,Pet Supplies,No Name,8 kg,16.49,ea,REGULAR
20240520,3643,20760278_EA,20760278,Hot Chocolate Mix,Drinks,No Name,500 g,4.49,ea,REGULAR
20240520,3643,21119988_EA,21119988,Aluminum Foil 100 ft,Household Supplies,No Name,1 ea,5.0,ea,REGULAR
20240520,3646,21394636_EA,21394636,No Name To Go Tumbler - Yellow,Home & Kitchen,No Name,1 ea,5.0,ea,SPECIAL
20240520,3646,21289734_EA,21289734,Marble Cheddar Cheese Light,Dairy & Eggs,No Name,400 g,5.99,ea,REGULAR
20240520,3646,20296118001_EA,20296118001,Tart Shells,Dairy & Eggs,No Name,30 ea,5.99,ea,REGULAR
20240520,3646,20023746003_EA,20023746003,Scented Scoopable Clumping Cat Litter,Not Available,No Name,7 kg,8.99,ea,REGULAR
20240520,3646,20860007_EA,20860007,Pink Lemonade,Drinks,No Name,1.75 l,2.99,ea,REGULAR
20240520,3646,20557181_EA,20557181,Heavy Duty Scouring Sponges,Household Supplies,No Name,2 ea,3.0,ea,REGULAR
20240520,3646,20939699_EA,20939699,Plastic Cups 9Oz ( Pack Of 40),Home & Kitchen,No Name,1 ea,5.0,ea,REGULAR
20240520,3646,20320421_EA,20320421,"Olives, Salad",Not Available,No Name,375 ml,1.99,ea,REGULAR
20240520,3646,21315093_EA,21315093,Cheddar Bacon Potato Chips,"Snacks, Chips & Candy",No Name,200 g,1.49,ea,REGULAR
20240520,3646,21538491_EA,21538491,Italian Meatballs,Frozen,No Name,680 g,9.99,ea,REGULAR
20240520,3646,21168783_EA,21168783,Oven Liners,Household Supplies,No Name,1 ea,5.0,ea,REGULAR
20240520,3646,20628585001_EA,20628585001,Clingstone Peach Slices in Juice From Concentrate,Not Available,No Name,398 ml,1.99,ea,REGULAR
20240520,3646,20870022_EA,20870022,Loaf Pans,Household Supplies,No Name,1 ea,3.0,ea,REGULAR
20240520,3646,20870022_EA,20870022,Loaf Pans,Household Supplies,No Name,1 ea,3.0,ea,REGULAR
20240520,3646,20671326_EA,20671326,Sliced Pears in Fruit Juice from Concentrate,Not Available,No Name,540 ml,3.99,ea,REGULAR
20240520,3646,20103516_EA,20103516,Chicken Bologna,Deli,No Name,375 g,3.0,ea,REGULAR
20240520,3646,20323398002_EA,20323398002,"Smooth Peanut Butter, Club Size",Not Available,No Name,2 kg,8.49,ea,REGULAR
20240520,3646,20306358002_EA,20306358002,Spaghettini,Not Available,No Name,2 kg,4.0,ea,REGULAR
20240520,3646,20303890002_EA,20303890002,Refried Pinto Beans With Green Chilies,Not Available,No Name,398 ml,3.0,ea,REGULAR
20240520,3646,20872332_EA,20872332,"Rack Roaster with Lid, Medium",Household Supplies,No Name,1 ea,3.0,ea,REGULAR
20240520,3646,21302932_EA,21302932,Ketchup Potato Chips,"Snacks, Chips & Candy",No Name,200 g,1.49,ea,REGULAR
20240520,3647,20118684_EA,20118684,2 Paper Towel Rolls,Household Supplies,No Name,2 ea,2.5,ea,REGULAR
20240520,3647,20301012_EA,20301012,Mixed Vegetables,Frozen,No Name,750 g,2.59,ea,REGULAR
20240520,3647,21337562_EA,21337562,Dark Chocolate with Almonds Bar,"Snacks, Chips & Candy",No Name,100 g,1.19,ea,REGULAR
20240520,3647,20031065001_EA,20031065001,Space Pops,Frozen,No Name,30x75.0 ml,6.29,ea,REGULAR
20240520,3647,20773653_EA,20773653,Beef Bones Dog Treats,Pet Supplies,No Name,1 ea,7.29,ea,REGULAR
20240520,3647,20870423_EA,20870423,"Electric Burner Liners, Large",Household Supplies,No Name,6 ea,3.5,ea,REGULAR
20240520,3647,20142980_EA,20142980,Shredded Nacho Cheese Blend,Dairy & Eggs,No Name,900 g,14.99,ea,REGULAR
20240520,3647,20163065001_EA,20163065001,"3-Flavour Mix Cat Food, Chicken, Turkey & Seafood",Pet Supplies,No Name,4 kg,12.49,ea,REGULAR
20240520,3647,20329874_EA,20329874,Pizza Mozzarella Cheese,Dairy & Eggs,No Name,200 g,3.99,ea,REGULAR
20240520,3647,21385281_EA,21385281,Diced Pears,"Snacks, Chips & Candy",No Name,428 g,2.49,ea,REGULAR
20240520,3647,21291288_EA,21291288,Microwave Butter Flavour Popcorn,"Snacks, Chips & Candy",No Name,247 g,2.79,ea,REGULAR
20240520,3647,20618890_EA,20618890,Clingstone Peach Slices in Light Syrup,Not Available,No Name,796 ml,3.49,ea,REGULAR
20240520,3647,20097482003_EA,20097482003,Citrus Pepper Flaked Light Tuna,Not Available,No Name,85 g,1.29,ea,REGULAR
20240520,3647,20097482003_EA,20097482003,Citrus Pepper Flaked Light Tuna,Not Available,No Name,85 g,1.29,ea,REGULAR
20240520,3647,20618882_EA,20618882,Clingstone Peach Halves in Light Syrup    ,Not Available,No Name,796 ml,3.49,ea,REGULAR
20240520,3647,20321193005_EA,20321193005,Bow Tie Pasta,Not Available,No Name,500 g,1.49,ea,REGULAR
20240520,3647,20051959_EA,20051959,"Salami, Sliced",Deli,No Name,500 g,5.0,ea,REGULAR
20240520,3647,20628489003_EA,20628489003,Ranch Dressing,Not Available,No Name,475 ml,2.79,ea,REGULAR
20240520,3647,20322176_EA,20322176,Extra Large Pitted Ripe Olives,Not Available,No Name,398 ml,1.99,ea,REGULAR
20240520,3647,20034427_EA,20034427,100% Canadian Pure Creamed Honey,Not Available,No Name,500 g,5.99,ea,REGULAR
20240520,3647,20301246003_EA,20301246003,Shrimp Flavour Instant Noodle Soup,Not Available,No Name,65 g,0.99,ea,REGULAR
20240520,3648,20179276_EA,20179276,No.4 Cone Coffee Filters,Not Available,No Name,100 ea,3.49,ea,REGULAR
20240520,3648,20683482_EA,20683482,Sweet & Zesty Tomato Chili Sauce,Not Available,No Name,455 ml,4.99,ea,REGULAR
20240520,3648,20618086_EA,20618086,Ground Black Pepper,Not Available,No Name,150 g,2.49,ea,REGULAR
20240520,3648,20119954_EA,20119954,Sweet Gherkins Pickles ,Not Available,No Name,375 ml,2.99,ea,REGULAR
20240520,3648,20685645_EA,20685645,Soup Mix Chicken Noodle,Not Available,No Name,2x83.0 g,1.49,ea,REGULAR
20240520,3648,20114154_EA,20114154,Beef Burger 4 Oz,Frozen,No Name,1.36 kg,9.99,ea,SPECIAL
20240520,3648,21218696_EA,21218696,Streak-Free Glass Cleaner ,Household Supplies,No Name,765 ml,2.0,ea,REGULAR
20240520,3648,20078625_EA,20078625,"Jumbo Paper Towels, 6 Rolls",Household Supplies,No Name,6 ea,5.99,ea,REGULAR
20240520,3648,20552134001_EA,20552134001,Concentrated Berry Punch,Frozen,No Name,283 ml,1.59,ea,REGULAR
20240520,3648,20097482003_EA,20097482003,Citrus Pepper Flaked Light Tuna,Not Available,No Name,85 g,1.29,ea,REGULAR
20240520,3648,20097482003_EA,20097482003,Citrus Pepper Flaked Light Tuna,Not Available,No Name,85 g,1.29,ea,REGULAR
20240520,3648,20617756_EA,20617756,Sesame Seeds,Not Available,No Name,150 g,2.49,ea,REGULAR
20240520,3648,20323261_EA,20323261,Oven-ready Lasagna Pasta,Not Available,No Name,375 g,2.49,ea,REGULAR
20240520,3648,20320439003_EA,20320439003,Fruit Punch,Drinks,No Name,2 l,2.0,ea,REGULAR
20240520,3648,20114154_EA,20114154,Beef Burger 4 Oz,Frozen,No Name,1.36 kg,9.99,ea,SPECIAL
20240520,3648,20128123_EA,20128123,Miniature Cobs of Corn,Not Available,No Name,398 ml,1.79,ea,REGULAR
20240520,3648,20503300_EA,20503300,"Stuffed Breaded Chicken Breasts, Ham & Cheese",Frozen,No Name,284 g,4.99,ea,REGULAR
20240520,3648,20034427_EA,20034427,100% Canadian Pure Creamed Honey,Not Available,No Name,500 g,5.99,ea,REGULAR
20240520,3648,20315613007_EA,20315613007,Fettuccine Pasta,Not Available,No Name,900 g,1.99,ea,REGULAR
20240520,3649,20047452_EA,20047452,No.2 Cone Coffee Filters,Not Available,No Name,100 ea,3.49,ea,REGULAR
20240520,3649,20035322_EA,20035322,Tomato Sauce,Not Available,No Name,398 ml,1.49,ea,REGULAR
20240520,3649,21529762_EA,21529762,Fresh Scent Dirt Release Detergent Club Size,Household Supplies,No Name,6 l,14.99,ea,REGULAR
20240520,3649,20503035003_EA,20503035003,Fruit Punch Juice Boxes,Drinks,No Name,10x200.0 ml,3.29,ea,REGULAR
20240520,3649,21408022_EA,21408022,Beach Towel,Home & Kitchen,No Name,1 ea,8.0,ea,SPECIAL
20240520,3649,20174360002_EA,20174360002,Sweet Green Relish,Not Available,No Name,375 ml,1.69,ea,REGULAR
20240520,3649,20053153_EA,20053153,Snack Container 237ml,Home & Kitchen,No Name,8x8.0 ea,5.0,ea,REGULAR
20240520,3649,21116660_EA,21116660,Regular Garbage Bags,Household Supplies,No Name,40 ea,8.99,ea,REGULAR
20240520,3649,20048210_EA,20048210,Corn Chips,"Snacks, Chips & Candy",No Name,200 g,2.49,ea,REGULAR
20240520,3649,21180324_EA,21180324,Apple Cider Vinegar Club Size,Not Available,No Name,4 l,4.99,ea,REGULAR
20240520,3649,21221009_EA,21221009,Cheddar Flavour Processed Cheese Product Thick Slices,Dairy & Eggs,No Name,400 g,4.29,ea,REGULAR
20240520,3649,20617972_EA,20617972,Rosemary Leaves,Not Available,No Name,50 g,2.49,ea,REGULAR
20240520,3649,20617972_EA,20617972,Rosemary Leaves,Not Available,No Name,50 g,2.49,ea,REGULAR
20240520,3649,20651741_EA,20651741,Sliced Stewed Tomatoes,Not Available,No Name,796 ml,1.79,ea,REGULAR
20240520,3649,20804532_KG,20804532,Sliced Mild Sugar Cured Bacon,Meat,No Name,,23.72,ea,REGULAR
20240520,3649,20793444001_EA,20793444001,Chocolate Ice Milk ,Frozen,No Name,4 l,5.99,ea,REGULAR
20240520,3649,20154815_EA,20154815,"Mennonite Style Sausage, Club Pack",Meat,No Name,1 kg,17.0,ea,REGULAR
20240520,3649,20306897_EA,20306897,"Napkins 1 Ply Club Size, 500 Sheets",Household Supplies,No Name,1 ea,5.99,ea,REGULAR
20240520,3649,20316375001_EA,20316375001,Original Waffles ,Frozen,No Name,280 g,2.5,ea,REGULAR
20240520,3649,20088927_EA,20088927,100% Pure Sunflower Oil,Not Available,No Name,3 l,13.99,ea,REGULAR
20240520,3650,21394636_EA,21394636,No Name To Go Tumbler - Yellow,Home & Kitchen,No Name,1 ea,5.0,ea,SPECIAL
20240520,3650,21380631_EA,21380631,Dark Roast Ground Coffee,Drinks,No Name,925 g,8.99,ea,REGULAR
20240520,3650,20050258_EA,20050258,Round Container 415ml,Home & Kitchen,No Name,7 ea,5.0,ea,REGULAR
20240520,3650,20052738_EA,20052738,Plum Sauce,Not Available,No Name,750 ml,3.5,ea,REGULAR
20240520,3650,21189607_EA,21189607,Beef Broth,Not Available,No Name,900 ml,1.69,ea,REGULAR
20240520,3650,20149806_EA,20149806,"Plastic Wrap, Club Size 305m",Household Supplies,No Name,1 ea,12.99,ea,REGULAR
20240520,3650,20309304_EA,20309304,Sour Pickled Onions,Not Available,No Name,375 ml,2.99,ea,REGULAR
20240520,3650,21384159_EA,21384159,Paper Luncheon Plates Club Size  ,Home & Kitchen,No Name,125 ea,14.5,ea,REGULAR
20240520,3650,20845247_EA,20845247,"Cheese, Pizza Mozzarella",Dairy & Eggs,No Name,2.4 kg,29.99,ea,REGULAR
20240520,3650,20058286_EA,20058286,"Plastic Wrap, 30m",Household Supplies,No Name,1 ea,2.79,ea,REGULAR
20240520,3650,20097482003_EA,20097482003,Citrus Pepper Flaked Light Tuna,Not Available,No Name,85 g,1.29,ea,REGULAR
20240520,3650,20618890_EA,20618890,Clingstone Peach Slices in Light Syrup,Not Available,No Name,796 ml,3.49,ea,REGULAR
20240520,3650,20618890_EA,20618890,Clingstone Peach Slices in Light Syrup,Not Available,No Name,796 ml,3.49,ea,REGULAR
20240520,3650,20618079_EA,20618079,Onion Salt,Not Available,No Name,200 g,2.49,ea,REGULAR
20240520,3650,20606411_EA,20606411,Honey Graham Wafers,"Snacks, Chips & Candy",No Name,1200 g,10.49,ea,REGULAR
20240520,3650,21405442_EA,21405442,Scented Air Freshener Fresh Gel,Household Supplies,No Name,170 g,1.0,ea,REGULAR
20240520,3650,20130540_EA,20130540,"Bologna, Sliced All Beef",Deli,No Name,175 g,4.0,ea,REGULAR
20240520,3650,20293477_EA,20293477,Roasted Peanuts In Shell,Fruits & Vegetables,No Name,2 kg,11.0,ea,SPECIAL
20240520,3650,20316543002_EA,20316543002,Unsalted Butter,Dairy & Eggs,No Name,454 g,5.99,ea,REGULAR
20240520,3650,20975873_EA,20975873,Old Cheddar Cheese,Dairy & Eggs,No Name,700 g,7.89,ea,REGULAR
20240520,3651,20179276_EA,20179276,No.4 Cone Coffee Filters,Not Available,No Name,100 ea,3.49,ea,REGULAR
20240520,3651,20048210_EA,20048210,Corn Chips,"Snacks, Chips & Candy",No Name,200 g,2.49,ea,REGULAR
20240520,3651,20618086_EA,20618086,Ground Black Pepper,Not Available,No Name,150 g,2.49,ea,REGULAR
20240520,3651,20305854_EA,20305854,Old Cheddar Cheese,Dairy & Eggs,No Name,200 g,3.99,ea,REGULAR
20240520,3651,20870423_EA,20870423,"Electric Burner Liners, Large",Household Supplies,No Name,6 ea,3.5,ea,REGULAR
20240520,3651,21384158_EA,21384158,Paper Dessert Plates Club Size  ,Home & Kitchen,No Name,125 ea,13.5,ea,REGULAR
20240520,3651,21455993_EA,21455993,Everything Bagel Seasoning Sour Cream Dip,Dairy & Eggs,No Name,250 g,3.19,ea,REGULAR
20240520,3651,20683943_EA,20683943,Chocolate Hazelnut Spread,Not Available,No Name,725 g,5.0,ea,SPECIAL
20240520,3651,21308578_EA,21308578,Black Oil & Striped Sunflower Wild Bird Seed Mix,Pet Supplies,No Name,4 kg,13.99,ea,REGULAR
20240520,3651,20097482003_EA,20097482003,Citrus Pepper Flaked Light Tuna,Not Available,No Name,85 g,1.29,ea,REGULAR
20240520,3651,20870022_EA,20870022,Loaf Pans,Household Supplies,No Name,1 ea,3.0,ea,REGULAR
20240520,3651,20618039_EA,20618039,Ground Thyme,Not Available,No Name,80 g,2.49,ea,REGULAR
20240520,3651,20618039_EA,20618039,Ground Thyme,Not Available,No Name,80 g,2.49,ea,REGULAR
20240520,3651,20298199_EA,20298199,Balanced Nutrition Dry Cat Food,Pet Supplies,No Name,8 kg,20.99,ea,REGULAR
20240520,3651,20012327_EA,20012327,Jumbo Smoked Wieners ,Meat,No Name,675 g,9.0,ea,REGULAR
20240520,3651,20165317_EA,20165317,Magic Cleaning Pads,Household Supplies,No Name,2 pack,2.0,ea,REGULAR
20240520,3651,21455936_EA,21455936,Herb and Spice Sour Cream Dip,Dairy & Eggs,No Name,250 g,3.19,ea,REGULAR
20240520,3651,20171622_EA,20171622,Pecan Pieces,Not Available,No Name,100 g,2.99,ea,REGULAR
20240520,3651,21380594_EA,21380594,Medium Roast Decaf Coffee,Drinks,No Name,925 g,8.99,ea,REGULAR
20240520,3651,20082694001_EA,20082694001,Margarine,Dairy & Eggs,No Name,1.36 kg,7.99,ea,REGULAR
20240520,3654,21081327_EA,21081327,Beef Rawhide Bones Dog Treats,Pet Supplies,No Name,1 ea,21.99,ea,REGULAR
20240520,3654,20870360_EA,20870360,Storage Containers 20cm x 14cm x 5cm,Household Supplies,No Name,1 ea,5.5,ea,REGULAR
20240520,3654,21184786_EA,21184786,Reusable Bin with Straps,Home & Kitchen,No Name,1 ea,6.0,ea,REGULAR
20240520,3654,20119954_EA,20119954,Sweet Gherkins Pickles ,Not Available,No Name,375 ml,3.0,ea,REGULAR
20240520,3654,20170051_EA,20170051,"Latex Rubber Gloves, Large",Household Supplies,No Name,1 ea,2.0,ea,REGULAR
20240520,3654,20312337001_EA,20312337001,Chicken Bouillon Concentrate,Not Available,No Name,500 ml,7.29,ea,REGULAR
20240520,3654,21480144_EA,21480144,Naturally Imperfect Frozen Berry Blend,Frozen,No Name,2 kg,14.0,ea,REGULAR
20240520,3654,20105565_EA,20105565,Unsweetened Pineapple Juice,Drinks,No Name,1.36 l,3.99,ea,REGULAR
20240520,3654,20618086_EA,20618086,Ground Black Pepper,Not Available,No Name,150 g,2.49,ea,REGULAR
20240520,3654,20870022_EA,20870022,Loaf Pans,Household Supplies,No Name,1 ea,3.0,ea,REGULAR
20240520,3654,20870022_EA,20870022,Loaf Pans,Household Supplies,No Name,1 ea,3.0,ea,REGULAR
20240520,3654,20617954_EA,20617954,Ground White Pepper,Not Available,No Name,110 g,2.49,ea,REGULAR
20240520,3654,20951251_EA,20951251,Dry Crunchy Kibble Dog Food ,Pet Supplies,No Name,6 kg,18.99,ea,REGULAR
20240520,3654,20079183_EA,20079183,"Artificial Vanilla Extract, Club Size",Not Available,No Name,1 l,8.99,ea,REGULAR
20240520,3654,21216994_EA,21216994,Cream Cheese Spread with Everything Bagel Seasoning,Dairy & Eggs,No Name,227 g,3.0,ea,REGULAR
20240520,3654,20155093_EA,20155093,Large Drawstring Garbage Bags,Household Supplies,No Name,60 ea,15.99,ea,REGULAR
20240520,3654,20085165_EA,20085165,1% M.F. Fat Free Sour Cream ,Dairy & Eggs,No Name,500 ml,2.89,ea,REGULAR
20240520,3654,20426035_EA,20426035,Walnut Pieces,Not Available,No Name,400 g,7.99,ea,REGULAR
20240520,3654,20347523_EA,20347523,"Latex Free Gloves, Medium 1-Pair",Household Supplies,No Name,1 ea,4.0,ea,REGULAR
20240520,3655,20047452_EA,20047452,No.2 Cone Coffee Filters,Not Available,No Name,100 ea,3.49,ea,REGULAR
20240520,3655,20065872_EA,20065872,Seasoned Stuffing Mix,Not Available,No Name,120 g,1.49,ea,REGULAR
20240520,3655,20626597_EA,20626597,Garlic Sausage Ring,Deli,No Name,300 g,6.0,ea,REGULAR
20240520,3655,20153670_EA,20153670,Canola Oil,Not Available,No Name,16 l,39.99,ea,REGULAR
20240520,3655,21408022_EA,21408022,Beach Towel,Home & Kitchen,No Name,1 ea,8.0,ea,SPECIAL
20240520,3655,21376440_EA,21376440,Camomile Herbal Tea,Drinks,No Name,24 g,2.99,ea,REGULAR
20240520,3655,20347400001_EA,20347400001,Vanilla Ice Milk Bars,Frozen,No Name,30x60.0 ml,10.0,ea,REGULAR
20240520,3655,20312260_EA,20312260,Green Peas,Frozen,No Name,750 g,2.59,ea,REGULAR
20240520,3655,20301012_EA,20301012,Mixed Vegetables,Frozen,No Name,750 g,2.59,ea,REGULAR
20240520,3655,20309769_EA,20309769,Shredded Cheddar & Monterey Jack Cheese Blend,Dairy & Eggs,No Name,900 g,14.99,ea,REGULAR
20240520,3655,20186720_EA,20186720,1% Plain Stirred Yogurt,Dairy & Eggs,No Name,1 kg,5.29,ea,REGULAR
20240520,3655,20617739_EA,20617739,Cinnamon Sticks,Not Available,No Name,100 g,2.49,ea,REGULAR
20240520,3655,20870022_EA,20870022,Loaf Pans,Household Supplies,No Name,1 ea,3.0,ea,REGULAR
20240520,3655,20870022_EA,20870022,Loaf Pans,Household Supplies,No Name,1 ea,3.0,ea,REGULAR
20240520,3655,21040543_EA,21040543,2% Evaporated Partly Skimmed Milk,Drinks,No Name,354 ml,1.99,ea,REGULAR
20240520,3655,20015478_EA,20015478,Disposable Cleaning Gloves,Household Supplies,No Name,25 ea,3.5,ea,REGULAR
20240520,3655,20962493_EA,20962493,Cheese Flavoured Crunchy Snacks,"Snacks, Chips & Candy",No Name,200 g,2.49,ea,REGULAR
20240520,3655,21289951_EA,21289951,Pineapples pieces,Frozen,No Name,2 kg,14.0,ea,REGULAR
20240520,3655,21191816_EA,21191816,Seasoned Dry Roasted Peanuts,"Snacks, Chips & Candy",No Name,650 g,5.49,ea,REGULAR
20240520,3655,21168764_EA,21168764,Half-Size Steam Table Pan,Household Supplies,No Name,1 ea,5.0,ea,REGULAR
20240520,3655,20307386002_EA,20307386002,Fettuccine Pasta,Not Available,No Name,500 g,1.49,ea,REGULAR
20240520,3656,20307386002_EA,20307386002,Fettuccine Pasta,Not Available,No Name,500 g,1.49,ea,REGULAR
20240520,3657,20047452_EA,20047452,No.2 Cone Coffee Filters,Not Available,No Name,100 ea,3.49,ea,REGULAR
20240520,3657,21405448_EA,21405448,Scented Air Freshener Lavender Gel,Household Supplies,No Name,170 g,1.0,ea,REGULAR
20240520,3657,20153670_EA,20153670,Canola Oil,Not Available,No Name,16 l,39.99,ea,REGULAR
20240520,3657,20321193003_EA,20321193003,Medium Shells Pasta,Not Available,No Name,500 g,1.49,ea,REGULAR
20240520,3657,20627614002_EA,20627614002,Mayonnaise,Not Available,No Name,890 ml,4.79,ea,REGULAR
20240520,3657,20114154_EA,20114154,Beef Burger 4 Oz,Frozen,No Name,1.36 kg,9.99,ea,SPECIAL
20240520,3657,21455993_EA,21455993,Everything Bagel Seasoning Sour Cream Dip,Dairy & Eggs,No Name,250 g,3.19,ea,REGULAR
20240520,3657,20028559_EA,20028559,Original Party Mix,"Snacks, Chips & Candy",No Name,320 g,3.49,ea,REGULAR
20240520,3657,21308578_EA,21308578,Black Oil & Striped Sunflower Wild Bird Seed Mix,Pet Supplies,No Name,4 kg,13.99,ea,REGULAR
20240520,3657,20079578_EA,20079578,Mushrooms Pieces & Stems,Not Available,No Name,284 ml,1.29,ea,REGULAR
20240520,3657,21221009_EA,21221009,Cheddar Flavour Processed Cheese Product Thick Slices,Dairy & Eggs,No Name,400 g,4.29,ea,REGULAR
20240520,3657,20618772_EA,20618772,Curry Powder,Not Available,No Name,125 g,2.49,ea,REGULAR
20240520,3657,20618772_EA,20618772,Curry Powder,Not Available,No Name,125 g,2.49,ea,REGULAR
20240520,3657,21040543_EA,21040543,2% Evaporated Partly Skimmed Milk,Drinks,No Name,354 ml,1.99,ea,REGULAR
20240520,3657,21457728_EA,21457728,Prepared Yellow Mustard,Not Available,No Name,550 ml,1.89,ea,REGULAR
20240520,3657,20161597_EA,20161597,Capers,Not Available,No Name,100 ml,2.5,ea,REGULAR
20240520,3657,21308570_EA,21308570,Wild Bird Seed Mix,Pet Supplies,No Name,8 kg,17.99,ea,REGULAR
20240520,3657,21302932_EA,21302932,Ketchup Potato Chips,"Snacks, Chips & Candy",No Name,200 g,1.49,ea,REGULAR
20240520,3657,20975887_EA,20975887,"Pizza Mozzarella Cheese, 28% MF",Dairy & Eggs,No Name,700 g,7.89,ea,REGULAR
20240520,3657,20082694001_EA,20082694001,Margarine,Dairy & Eggs,No Name,1.36 kg,7.99,ea,REGULAR
20240520,3659,21033161_EA,21033161,Naturally Imperfect Mango,Frozen,No Name,2 kg,14.0,ea,REGULAR
20240520,3659,20325649_EA,20325649,Stuffed Manzanilla Olives With Pimento Paste,Not Available,No Name,375 ml,1.99,ea,REGULAR
20240520,3659,20503035003_EA,20503035003,Fruit Punch Juice Boxes,Drinks,No Name,10x200.0 ml,3.0,ea,REGULAR
20240520,3659,20132489_EA,20132489,75% Vegetable Oil Margarine,Dairy & Eggs,No Name,454 g,2.79,ea,REGULAR
20240520,3659,20073675_EA,20073675,68% Vegetable Oil Margarine ,Dairy & Eggs,No Name,907 g,4.99,ea,REGULAR
20240520,3659,21406992_EA,21406992,Beach Umbrella,Not Available,No Name,1 ea,9.0,ea,SPECIAL
20240520,3659,21406992_EA,21406992,Beach Umbrella,Not Available,No Name,1 ea,9.0,ea,SPECIAL
20240520,3659,20301273_EA,20301273,Broken Mandarin Orange Segments in Light Syrup,Not Available,No Name,284 ml,1.29,ea,REGULAR
20240520,3659,20015478_EA,20015478,Disposable Cleaning Gloves,Household Supplies,No Name,25 ea,3.5,ea,REGULAR
20240520,3659,20013437003_EA,20013437003,"Baking Cups, Large Rainbow",Household Supplies,No Name,50 ea,2.0,ea,REGULAR
20240520,3659,21042473_EA,21042473,Free and Clear Nature Dirt Release Detergent ,Household Supplies,No Name,2.03 l,4.99,ea,REGULAR
20240520,3659,21030561_EA,21030561,Pepperoni Pizzas,Frozen,No Name,1660 g,12.99,ea,REGULAR
20240520,3659,20963916_EA,20963916,"Bathroom Tissue, 24 Double Rolls",Household Supplies,No Name,1 ea,11.49,ea,REGULAR
20240520,3659,21119988_EA,21119988,Aluminum Foil 100 ft,Household Supplies,No Name,1 ea,5.0,ea,REGULAR
20240520,3659,20088990_EA,20088990,100% Pure Canola Oil,Not Available,No Name,946 ml,5.49,ea,REGULAR
20240520,3660,20047452_EA,20047452,No.2 Cone Coffee Filters,Not Available,No Name,100 ea,3.49,ea,REGULAR
20240520,3660,20870034_EA,20870034,"Small Roaster Pans, 3 pack",Household Supplies,No Name,1 ea,4.0,ea,REGULAR
20240520,3660,20628489002_EA,20628489002,Italian Dressing,Not Available,No Name,475 ml,2.49,ea,REGULAR
20240520,3660,21078863_EA,21078863,Strawberry Turnovers,"Snacks, Chips & Candy",No Name,300 g,2.99,ea,REGULAR
20240520,3660,21308570_EA,21308570,Wild Bird Seed Mix,Pet Supplies,No Name,8 kg,16.49,ea,REGULAR
20240520,3660,20165317_EA,20165317,Magic Cleaning Pads,Household Supplies,No Name,2 pack,2.0,ea,REGULAR
20240520,3660,21358883_EA,21358883,Oxi-Burst Stain Remover,Household Supplies,No Name,1.36 kg,6.99,ea,REGULAR
20240520,3660,20359200_EA,20359200,"Vinyl Disposable Gloves, Large",Household Supplies,No Name,100 ea,10.99,ea,REGULAR
20240520,3660,21541429_EA,21541429,"Thin Crust Pizza, Cheese",Frozen,No Name,369 g,3.5,ea,REGULAR
20240520,3660,20046189_EA,20046189,Dill Pickles,Not Available,No Name,1 l,3.29,ea,REGULAR
20240520,3660,21221009_EA,21221009,Cheddar Flavour Processed Cheese Product Thick Slices,Dairy & Eggs,No Name,400 g,3.99,ea,REGULAR
20240520,3660,21045313_EA,21045313,"Chicken Wings, Mild BBQ",Frozen,No Name,908 g,13.99,ea,REGULAR
20240520,3660,21045313_EA,21045313,"Chicken Wings, Mild BBQ",Frozen,No Name,908 g,13.99,ea,REGULAR
20240520,3660,21291640_EA,21291640,Sardines,Not Available,No Name,106 g,1.49,ea,REGULAR
20240520,3660,20015478_EA,20015478,Disposable Cleaning Gloves,Household Supplies,No Name,25 ea,3.5,ea,REGULAR
20240520,3660,20058865_EA,20058865,Salted Blanched Peanuts,"Snacks, Chips & Candy",No Name,2 kg,12.99,ea,REGULAR
20240520,3660,20303626_EA,20303626,Fudge-Striped Shortbread Cookies,"Snacks, Chips & Candy",No Name,368 g,3.0,ea,SPECIAL
20240520,3660,20554593_EA,20554593,Dark Red Kidney Beans,Not Available,No Name,540 ml,1.49,ea,REGULAR
20240520,3660,20975887_EA,20975887,"Pizza Mozzarella Cheese, 28% MF",Dairy & Eggs,No Name,700 g,9.99,ea,REGULAR
20240520,3660,20121030_EA,20121030,Sustainably Sourced Wild Pacific Sockeye Salmon,Not Available,No Name,213 g,4.99,ea,REGULAR
20240520,3661,21081340_EA,21081340,Beef Rawhide Bagels Dog Treats,Pet Supplies,No Name,1 ea,15.99,ea,REGULAR
20240520,3661,20689486_EA,20689486,Fragrance-Free Dryer Sheets,Household Supplies,No Name,80 ea,3.99,ea,REGULAR
20240520,3661,21030532_C01,21030532,Dark Roast Coffee Pods Club Size,Drinks,No Name,1 ea,32.99,ea,REGULAR
20240520,3661,20347400002_EA,20347400002,Ice Milk Fudge Bars,Frozen,No Name,30x60.0 ml,10.0,ea,REGULAR
20240520,3661,21289745_EA,21289745,Farmer's Marble Cheese,Dairy & Eggs,No Name,400 g,5.99,ea,REGULAR
20240520,3661,20742893_EA,20742893,Swiss Cheese Slices,Dairy & Eggs,No Name,210 g,4.5,ea,REGULAR
20240520,3661,20301274002_C24,20301274002,Instant Noodle Soup Beef Flavour,Not Available,No Name,24x85.0 g,5.99,ea,REGULAR
20240520,3661,20079578_EA,20079578,Mushrooms Pieces & Stems,Not Available,No Name,284 ml,1.29,ea,REGULAR
20240520,3661,21221009_EA,21221009,Cheddar Flavour Processed Cheese Product Thick Slices,Dairy & Eggs,No Name,400 g,3.99,ea,REGULAR
20240520,3661,21221009_EA,21221009,Cheddar Flavour Processed Cheese Product Thick Slices,Dairy & Eggs,No Name,400 g,3.99,ea,REGULAR
20240520,3661,20617720_EA,20617720,Basil Leaves,Not Available,No Name,40 g,2.49,ea,REGULAR
20240520,3661,21343191_EA,21343191,Blueberry Bagel,Bakery,No Name,450 g,1.97,ea,SPECIAL
20240520,3661,20012327_EA,20012327,Jumbo Smoked Wieners ,Meat,No Name,675 g,8.0,ea,REGULAR
20240520,3661,21216994_EA,21216994,Cream Cheese Spread with Everything Bagel Seasoning,Dairy & Eggs,No Name,227 g,3.0,ea,REGULAR
20240520,3661,20316388_EA,20316388,Mixed Vegetables,Frozen,No Name,2 kg,6.29,ea,REGULAR
20240520,3661,21042473_EA,21042473,Free and Clear Nature Dirt Release Detergent ,Household Supplies,No Name,2.03 l,4.99,ea,REGULAR
20240520,3661,20323233_EA,20323233,Honey Graham Crumbs,Not Available,No Name,400 g,4.49,ea,REGULAR
20240520,3661,20987276_EA,20987276,Tortilla Chips Nacho Cheese Flavour Club Size,"Snacks, Chips & Candy",No Name,908 g,8.99,ea,REGULAR
20240520,3663,21394636_EA,21394636,No Name To Go Tumbler - Yellow,Home & Kitchen,No Name,1 ea,5.0,ea,SPECIAL
20240520,3663,20035322_EA,20035322,Tomato Sauce,Not Available,No Name,398 ml,1.69,ea,REGULAR
20240520,3663,20119954_EA,20119954,Sweet Gherkins Pickles ,Not Available,No Name,375 ml,3.0,ea,REGULAR
20240520,3663,21431228_EA,21431228,White Dinner Roll,Bakery,No Name,420 g,2.99,ea,REGULAR
20240520,3663,20870526_EA,20870526,Mini Loaf Pan with Lid,Household Supplies,No Name,1 ea,4.0,ea,REGULAR
20240520,3663,20601345_EA,20601345,Crushed Tomatoes,Not Available,No Name,796 ml,1.79,ea,REGULAR
20240520,3663,20572093001_EA,20572093001,"Wafers, Cocoa","Snacks, Chips & Candy",No Name,175 g,1.79,ea,REGULAR
20240520,3663,20322176_EA,20322176,Extra Large Pitted Ripe Olives,Not Available,No Name,398 ml,1.79,ea,REGULAR
20240520,3663,20329874_EA,20329874,Pizza Mozzarella Cheese,Dairy & Eggs,No Name,200 g,3.49,ea,REGULAR
20240520,3663,20160496001_EA,20160496001,Light Tasting Pure Olive Oil,Not Available,No Name,750 ml,11.99,ea,REGULAR
20240520,3663,20426138_EA,20426138,Sliced Blanched Almonds ,Not Available,No Name,400 g,7.99,ea,REGULAR
20240520,3663,20618775_EA,20618775,Black Peppercorns,Not Available,No Name,125 g,2.49,ea,REGULAR
20240520,3663,21221009_EA,21221009,Cheddar Flavour Processed Cheese Product Thick Slices,Dairy & Eggs,No Name,400 g,3.99,ea,REGULAR
20240520,3663,21221009_EA,21221009,Cheddar Flavour Processed Cheese Product Thick Slices,Dairy & Eggs,No Name,400 g,3.99,ea,REGULAR
20240520,3663,20923840_EA,20923840,"100% Whole Grain Large Flake Oats, Club Pack",Not Available,No Name,2.25 kg,6.49,ea,REGULAR
20240520,3663,20015813_EA,20015813,Crispy Southern Style Chicken,Frozen,No Name,1 kg,18.99,ea,REGULAR
20240520,3663,20079183_EA,20079183,"Artificial Vanilla Extract, Club Size",Not Available,No Name,1 l,8.99,ea,REGULAR
20240520,3663,21529754_EA,21529754,Macaroni and Cheese Dinner,Not Available,No Name,200 g,0.99,ea,REGULAR
20240520,3663,20013832_EA,20013832,Twist Ties Kitchen Garbage Bags,Household Supplies,No Name,24 ea,4.49,ea,REGULAR
20240520,3663,20132206_EA,20132206,Margarine Spread,Dairy & Eggs,No Name,454 g,2.79,ea,REGULAR
20240520,3663,20315613007_EA,20315613007,Fettuccine Pasta,Not Available,No Name,900 g,2.0,ea,REGULAR
20240520,3664,20179276_EA,20179276,No.4 Cone Coffee Filters,Not Available,No Name,100 ea,3.49,ea,REGULAR
20240520,3664,20315613010_EA,20315613010,Fusilli Pasta,Not Available,No Name,900 g,2.0,ea,REGULAR
20240520,3664,20180368002_EA,20180368002,Blueberry Waffles,Frozen,No Name,560 g,4.99,ea,REGULAR
20240520,3664,20889881_EA,20889881,"Breadsticks and Cheese, Processed Cheese Product","Snacks, Chips & Candy",No Name,3x29.0 g,1.5,ea,REGULAR
20240520,3664,21158728_EA,21158728,Reusable Grocery Tote Bag,Home & Kitchen,No Name,1 ea,2.0,ea,REGULAR
20240520,3664,20314839003_EA,20314839003,Beans in Tomato Sauce,Not Available,No Name,398 ml,0.99,ea,SPECIAL
20240520,3664,20322949_EA,20322949,Old-Fashioned Pancake Mix,Not Available,No Name,905 g,2.79,ea,REGULAR
20240520,3664,20683943_EA,20683943,Chocolate Hazelnut Spread,Not Available,No Name,725 g,5.0,ea,SPECIAL
20240520,3664,20139927_EA,20139927,Pine Nuts,Not Available,No Name,100 g,7.99,ea,REGULAR
20240520,3664,20079578_EA,20079578,Mushrooms Pieces & Stems,Not Available,No Name,284 ml,1.29,ea,REGULAR
20240520,3664,21406992_EA,21406992,Beach Umbrella,Not Available,No Name,1 ea,9.0,ea,SPECIAL
20240520,3664,20628585001_EA,20628585001,Clingstone Peach Slices in Juice From Concentrate,Not Available,No Name,398 ml,1.99,ea,REGULAR
20240520,3664,20628585001_EA,20628585001,Clingstone Peach Slices in Juice From Concentrate,Not Available,No Name,398 ml,1.99,ea,REGULAR
20240520,3664,20734371_EA,20734371,Original Smoked Sausages,Meat,No Name,900 g,6.99,ea,SPECIAL
20240520,3664,21545106_EA,21545106,Naturally Imperfect Sliced Strawberries,Frozen,No Name,400 g,3.0,ea,REGULAR
20240520,3664,21393594_EA,21393594,Dark Roast Coffee Pods,Drinks,No Name,114 g,6.79,ea,REGULAR
20240520,3664,21206666_EA,21206666,Heavy-Duty Contractor Bags ,Household Supplies,No Name,10 ea,9.99,ea,REGULAR
20240520,3664,21042475_EA,21042475,Oxi-Burst Dirt Release Detergent ,Household Supplies,No Name,1.92 l,4.99,ea,REGULAR
20240520,3664,21417123_EA,21417123,Large Kitchen Garbage Bags,Household Supplies,No Name,40 ea,5.49,ea,REGULAR
20240520,3664,20301246003_EA,20301246003,Shrimp Flavour Instant Noodle Soup,Not Available,No Name,65 g,0.99,ea,REGULAR
20240520,3666,20047452_EA,20047452,No.2 Cone Coffee Filters,Not Available,No Name,100 ea,3.49,ea,REGULAR
20240520,3666,20870337_EA,20870337,Round Storage Containers with Lids,Household Supplies,No Name,3 ea,5.0,ea,REGULAR
20240520,3666,20425980_EA,20425980,Pecan Halves,Not Available,No Name,400 g,11.49,ea,REGULAR
20240520,3666,20788628_EA,20788628,Calorie-Free Sucralose Sweetener Packets,Not Available,No Name,100 ea,4.79,ea,REGULAR
20240520,3666,20303890001_EA,20303890001,Refried Pinto Beans ,Not Available,No Name,398 ml,3.0,ea,REGULAR
20240520,3666,21218696_EA,21218696,Streak-Free Glass Cleaner ,Household Supplies,No Name,765 ml,2.0,ea,REGULAR
20240520,3666,20782771_EA,20782771,Lemonade,Drinks,No Name,1.75 l,2.99,ea,REGULAR
20240520,3666,20027032_EA,20027032,Cooked Ham,Not Available,No Name,454 g,5.49,ea,REGULAR
20240520,3666,20047715_EA,20047715,100% Extra Virgin Olive Oil,Not Available,No Name,750 ml,11.99,ea,REGULAR
20240520,3666,21013106_EA,21013106,Chocolatey Chip Ice Cream Sandwiches,Frozen,No Name,24x120.0 ml,10.0,ea,REGULAR
20240520,3666,21406992_EA,21406992,Beach Umbrella,Not Available,No Name,1 ea,9.0,ea,SPECIAL
20240520,3666,20628585001_EA,20628585001,Clingstone Peach Slices in Juice From Concentrate,Not Available,No Name,398 ml,1.99,ea,REGULAR
20240520,3666,20628585001_EA,20628585001,Clingstone Peach Slices in Juice From Concentrate,Not Available,No Name,398 ml,1.99,ea,REGULAR
20240520,3666,20096883_EA,20096883,All-Beef Wieners,Meat,No Name,450 g,6.0,ea,REGULAR
20240520,3666,21378036_EA,21378036,Fruit Blend ,Frozen,No Name,2 kg,14.0,ea,REGULAR
20240520,3666,21161826_EA,21161826,"Round 10 Piece Meal PreContainer, Blue",Home & Kitchen,No Name,1 ea,5.0,ea,REGULAR
20240520,3666,21289738_EA,21289738,Light Medium Cheddar Cheese,Dairy & Eggs,No Name,400 g,5.99,ea,REGULAR
20240520,3666,20001100_EA,20001100,100% Canadian Pure Liquid Honey,Not Available,No Name,375 g,5.29,ea,REGULAR
20240520,3666,21214380_EA,21214380,Chocolate Pie Crust,Not Available,No Name,170 g,2.49,ea,REGULAR
20240520,3666,20310718_EA,20310718,Coffee Whitener,Dairy & Eggs,No Name,450 g,3.49,ea,SPECIAL
20240520,3667,20179276_EA,20179276,No.4 Cone Coffee Filters,Not Available,No Name,100 ea,3.49,ea,REGULAR
20240520,3667,20870034_EA,20870034,"Small Roaster Pans, 3 pack",Household Supplies,No Name,1 ea,4.0,ea,REGULAR
20240520,3667,20180368002_EA,20180368002,Blueberry Waffles,Frozen,No Name,560 g,4.99,ea,REGULAR
20240520,3667,20648023_EA,20648023,Golden Seedless Raisins,Not Available,No Name,750 g,7.99,ea,REGULAR
20240520,3667,21158728_EA,21158728,Reusable Grocery Tote Bag,Home & Kitchen,No Name,1 ea,2.0,ea,REGULAR
20240520,3667,21039704_EA,21039704,"Cocoa, Club Size",Not Available,No Name,454 g,7.99,ea,REGULAR
20240520,3667,21289745_EA,21289745,Farmer's Marble Cheese,Dairy & Eggs,No Name,400 g,5.99,ea,REGULAR
20240520,3667,20938403_EA,20938403,Brown Mushrooms,Fruits & Vegetables,No Name,680 g,5.0,ea,SPECIAL
20240520,3667,20113422001_EA,20113422001,Whipped Topping,Frozen,No Name,1 l,3.59,ea,REGULAR
20240520,3667,20628590001_EA,20628590001,Chunky Mixed Fruit in Juice From Concentrate,Not Available,No Name,796 ml,3.49,ea,REGULAR
20240520,3667,21406992_EA,21406992,Beach Umbrella,Not Available,No Name,1 ea,12.0,ea,SPECIAL
20240520,3667,20554592_EA,20554592,Fava Beans,Not Available,No Name,540 ml,1.49,ea,REGULAR
20240520,3667,20554592_EA,20554592,Fava Beans,Not Available,No Name,540 ml,1.49,ea,REGULAR
20240520,3667,20618823_EA,20618823,Fruit Cocktail in Light Syrup,Not Available,No Name,796 ml,3.49,ea,REGULAR
20240520,3667,20647404_EA,20647404,Pitted Dates,Not Available,No Name,500 g,3.99,ea,REGULAR
20240520,3667,20971002_EA,20971002,"2-Ply Hypoallergenic Facial Tissues, 126 Sheets",Household Supplies,No Name,6x1.0 ea,7.0,ea,REGULAR
20240520,3667,21308570_EA,21308570,Wild Bird Seed Mix,Pet Supplies,No Name,8 kg,16.49,ea,REGULAR
20240520,3667,20316212001_EA,20316212001,Smooth Peanut Butter,Not Available,No Name,500 g,3.0,ea,SPECIAL
20240520,3667,20833357_EA,20833357,1% M.F. Cottage Cheese,Dairy & Eggs,No Name,750 g,5.29,ea,REGULAR
20240520,3667,20300473_EA,20300473,Baby Dill Pickles With Garlic,Not Available,No Name,1 l,3.29,ea,REGULAR
20240520,3668,21081340_EA,21081340,Beef Rawhide Bagels Dog Treats,Pet Supplies,No Name,1 ea,15.99,ea,REGULAR
20240520,3668,21509822_EA,21509822,Original Bread,Bakery,No Name,675 g,1.97,ea,REGULAR
20240520,3668,20312728003_EA,20312728003,Flakes of Turkey,Not Available,No Name,142 g,2.0,ea,SPECIAL
20240520,3668,21046471001_EA,21046471001,Naturally Imperfect English Cucumber 3lb Bag,Fruits & Vegetables,No Name,1.36 kg,5.0,ea,SPECIAL
20240520,3668,21405438_EA,21405438,Scented Air Freshener Raspberry Gel,Household Supplies,No Name,170 g,1.0,ea,REGULAR
20240520,3668,20174360002_EA,20174360002,Sweet Green Relish,Not Available,No Name,375 ml,1.49,ea,REGULAR
20240520,3668,21283326_EA,21283326,Cookies & Cream Ice Cream Sandwiches ,Frozen,No Name,24x120.0 ml,10.0,ea,REGULAR
20240520,3668,20521654_EA,20521654,Mandarin Oranges in Light Syrup,"Snacks, Chips & Candy",No Name,4x107.0 ml,2.29,ea,REGULAR
20240520,3668,21406992_EA,21406992,Beach Umbrella,Not Available,No Name,1 ea,9.0,ea,SPECIAL
20240520,3668,21406992_EA,21406992,Beach Umbrella,Not Available,No Name,1 ea,9.0,ea,SPECIAL
20240520,3668,20325921006_EA,20325921006,Beans Navy,Not Available,No Name,540 ml,1.49,ea,REGULAR
20240520,3668,20975773_EA,20975773,Farmer's Marble Cheese,Dairy & Eggs,No Name,700 g,9.99,ea,REGULAR
20240520,3668,20689438001_EA,20689438001,Mountain Fresh Dryer Sheets Club Size,Household Supplies,No Name,200 ea,7.99,ea,REGULAR
20240520,3668,20174399_EA,20174399,"2-Ply Hypoallergenic Facial Tissues, 6 Boxes, 200 Sheets Each",Household Supplies,No Name,6x1.0 ea,10.99,ea,REGULAR
20240520,3668,20572093002_EA,20572093002,Hazelnut Crème-Filled Wafers,"Snacks, Chips & Candy",No Name,175 g,1.79,ea,REGULAR
20240520,3668,20939699_EA,20939699,Plastic Cups 9Oz ( Pack Of 40),Home & Kitchen,No Name,1 ea,5.0,ea,REGULAR
20240520,3668,20175669_EA,20175669,Beverage Glass 10Oz,Home & Kitchen,No Name,50x1.0 ea,5.5,ea,REGULAR
20240520,3668,20022248_EA,20022248,All-Purpose Flour,Not Available,No Name,10 kg,11.99,ea,REGULAR
20240520,3669,20179276_EA,20179276,No.4 Cone Coffee Filters,Not Available,No Name,100 ea,3.49,ea,REGULAR
20240520,3669,20310518_EA,20310518,Raspberry Jam with Pectin,Not Available,No Name,1 l,6.99,ea,REGULAR
20240520,3669,21540283_EA,21540283,Detergent Dirt Release Cold Water,Household Supplies,No Name,4.43 l,10.49,ea,REGULAR
20240520,3669,21120004_EA,21120004,Quick-Tie Regular Multi-purpose Clear Bags,Household Supplies,No Name,40 ea,8.99,ea,REGULAR
20240520,3669,20302205_EA,20302205,Mixed Garden Vegetables,Frozen,No Name,750 g,2.59,ea,REGULAR
20240520,3669,20321776_EA,20321776,Chocolate Baking Crumbs,Not Available,No Name,400 g,4.49,ea,REGULAR
20240520,3669,20096157_EA,20096157,Extra Large Clear Multi Purpose Bags,Household Supplies,No Name,50 ea,15.99,ea,REGULAR
20240520,3669,20618858_EA,20618858,Whipped Dressing,Not Available,No Name,890 ml,3.69,ea,REGULAR
20240520,3669,20079578_EA,20079578,Mushrooms Pieces & Stems,Not Available,No Name,284 ml,1.29,ea,REGULAR
20240520,3669,21406992_EA,21406992,Beach Umbrella,Not Available,No Name,1 ea,9.0,ea,SPECIAL
20240520,3669,21406992_EA,21406992,Beach Umbrella,Not Available,No Name,1 ea,9.0,ea,SPECIAL
20240520,3669,21045668_EA,21045668,Buffalo Chicken Wings,Frozen,No Name,908 g,12.99,ea,REGULAR
20240520,3669,20951251_EA,20951251,Dry Crunchy Kibble Dog Food ,Pet Supplies,No Name,6 kg,18.99,ea,REGULAR
20240520,3669,21207735_EA,21207735,Lemon Disinfectant All-Purpose Cleaner,Household Supplies,No Name,3.78 l,7.99,ea,REGULAR
20240520,3669,20324462002_EA,20324462002,Soy Sauce,Not Available,No Name,450 ml,1.99,ea,REGULAR
20240520,3669,21384127_EA,21384127,Paper Dessert Plates 40 ,Home & Kitchen,No Name,40 ea,5.5,ea,REGULAR
20240520,3669,21464491_EA,21464491,"Paper Straws, 50 Straws",Not Available,No Name,50 ea,1.5,ea,REGULAR
20240520,3669,20975873_EA,20975873,Old Cheddar Cheese,Dairy & Eggs,No Name,700 g,7.89,ea,REGULAR
20240520,3669,20628489005_EA,20628489005,Thousand Island Dressing,Not Available,No Name,475 ml,2.79,ea,REGULAR
20240520,3670,20996039_EA,20996039,"Roasted Peanuts, No Salt",Fruits & Vegetables,No Name,907 g,6.5,ea,REGULAR
20240520,3670,21379698_EA,21379698,Unsweetened Apple Sauce,Not Available,No Name,620 ml,3.0,ea,REGULAR
20240520,3670,20944462001_EA,20944462001,Naturally Imperfect Potatoes 15lb,Fruits & Vegetables,No Name,6804 g,6.0,ea,SPECIAL
20240520,3670,20307812_EA,20307812,Sliced Manzanilla Olives,Not Available,No Name,375 ml,1.99,ea,REGULAR
20240520,3670,20318892001_EA,20318892001,Original Snack Crackers,"Snacks, Chips & Candy",No Name,225 g,2.29,ea,REGULAR
20240520,3670,20177169002_EA,20177169002,Scoopable Unscented Clumping Cat Litter with Baking Soda,Not Available,No Name,18 kg,9.99,ea,REGULAR
20240520,3670,21039704_EA,21039704,"Cocoa, Club Size",Not Available,No Name,454 g,7.99,ea,REGULAR
20240520,3670,20022248_EA,20022248,All-Purpose Flour,Not Available,No Name,10 kg,11.99,ea,REGULAR
20240520,3670,20618858_EA,20618858,Whipped Dressing,Not Available,No Name,890 ml,3.49,ea,REGULAR
20240520,3670,20426138_EA,20426138,Sliced Blanched Almonds ,Not Available,No Name,400 g,7.99,ea,REGULAR
20240520,3670,21406992_EA,21406992,Beach Umbrella,Not Available,No Name,1 ea,12.0,ea,SPECIAL
20240520,3670,20618772_EA,20618772,Curry Powder,Not Available,No Name,125 g,2.49,ea,REGULAR
20240520,3670,20618772_EA,20618772,Curry Powder,Not Available,No Name,125 g,2.49,ea,REGULAR
20240520,3670,20097492_EA,20097492,Whole Mushrooms,Not Available,No Name,284 ml,1.29,ea,REGULAR
20240520,3670,21208436_EA,21208436,Lemon Furniture Polish,Household Supplies,No Name,275 g,4.99,ea,REGULAR
20240520,3670,21042475_EA,21042475,Oxi-Burst Dirt Release Detergent ,Household Supplies,No Name,1.92 l,4.99,ea,REGULAR
20240520,3670,20174632_EA,20174632,Whole Kernel Corn,Frozen,No Name,2 kg,6.29,ea,REGULAR
20240520,3670,21297780_EA,21297780,Original English Muffins,Bakery,No Name,342 g,1.97,ea,SPECIAL
20240520,3670,21417123_EA,21417123,Large Kitchen Garbage Bags,Household Supplies,No Name,40 ea,5.49,ea,REGULAR
20240520,3670,20127455002_EA,20127455002,Slivered Almonds ,Not Available,No Name,100 g,2.79,ea,REGULAR
20240520,3671,20975789_EA,20975789,"Medium Cheddar Cheese, Light",Dairy & Eggs,No Name,700 g,7.89,ea,REGULAR
20240520,3671,20683482_EA,20683482,Sweet & Zesty Tomato Chili Sauce,Not Available,No Name,455 ml,4.99,ea,REGULAR
20240520,3671,20323398001_EA,20323398001,Smooth Light Peanut Butter,Not Available,No Name,2 kg,8.49,ea,REGULAR
20240520,3671,21384149_EA,21384149,Paper Dinner Plates 40 Pack,Home & Kitchen,No Name,40 ea,6.0,ea,SPECIAL
20240520,3671,20023746002_EA,20023746002,Unscented Scoopable Clumping Cat Litter,Not Available,No Name,7 kg,8.99,ea,REGULAR
20240520,3671,20647008_EA,20647008,Pitted Prunes,Not Available,No Name,750 g,12.49,ea,REGULAR
20240520,3671,21406992_EA,21406992,Beach Umbrella,Not Available,No Name,1 ea,9.0,ea,SPECIAL
20240520,3671,21406992_EA,21406992,Beach Umbrella,Not Available,No Name,1 ea,9.0,ea,SPECIAL
20240520,3671,20734142_EA,20734142,"Smoked Sausages, Cheese",Meat,No Name,900 g,10.0,ea,REGULAR
20240520,3671,20858030_EA,20858030,Black Forest Ham,Meat,No Name,1.3 kg,19.0,ea,REGULAR
20240520,3671,20299229_EA,20299229,"Olives, Medium, Whole, Ripe",Not Available,No Name,398 ml,1.99,ea,REGULAR
20240520,3671,20630256_EA,20630256,Salami,Deli,No Name,1 kg,12.0,ea,REGULAR
20240520,3671,21489589_EA,21489589,Bleach,Household Supplies,No Name,1.27 l,2.99,ea,REGULAR
20240520,3671,20618936_EA,20618936,Clingstone Peach Halves in Juice From Concentrate,Not Available,No Name,796 ml,3.49,ea,REGULAR
20240520,3671,20430176_EA,20430176,Artificial Vanilla Extract,Not Available,No Name,125 ml,3.29,ea,REGULAR
20240520,3671,20088698001_EA,20088698001,Medium Salsa,Not Available,No Name,430 ml,3.29,ea,REGULAR
20240520,3672,20179276_EA,20179276,No.4 Cone Coffee Filters,Not Available,No Name,100 ea,3.49,ea,REGULAR
20240520,3672,20312337002_EA,20312337002,Beef Bouillon Concentrate,Not Available,No Name,500 ml,7.29,ea,REGULAR
20240520,3672,20872407_EA,20872407,Poultry Pan,Household Supplies,No Name,1 ea,2.0,ea,REGULAR
20240520,3672,20869536_EA,20869536,Giant Oval Rack Roaster,Household Supplies,No Name,1 ea,4.0,ea,REGULAR
20240520,3672,20303890001_EA,20303890001,Refried Pinto Beans ,Not Available,No Name,398 ml,3.0,ea,REGULAR
20240520,3672,20304664_EA,20304664,Light 5% M.F. Sour Cream ,Dairy & Eggs,No Name,250 ml,2.19,ea,REGULAR
20240520,3672,20316412_EA,20316412,California Blend Mixed Vegetables,Frozen,No Name,750 g,2.59,ea,REGULAR
20240520,3672,20105565_EA,20105565,Unsweetened Pineapple Juice,Drinks,No Name,1.36 l,3.99,ea,REGULAR
20240520,3672,20889881_EA,20889881,"Breadsticks and Cheese, Processed Cheese Product","Snacks, Chips & Candy",No Name,3x29.0 g,1.5,ea,REGULAR
20240520,3672,20176087_EA,20176087,Salami Chub,Deli,No Name,500 g,6.0,ea,REGULAR
20240520,3672,21406992_EA,21406992,Beach Umbrella,Not Available,No Name,1 ea,12.0,ea,SPECIAL
20240520,3672,20618772_EA,20618772,Curry Powder,Not Available,No Name,125 g,2.49,ea,REGULAR
20240520,3672,20618772_EA,20618772,Curry Powder,Not Available,No Name,125 g,2.49,ea,REGULAR
20240520,3672,21040543_EA,21040543,2% Evaporated Partly Skimmed Milk,Drinks,No Name,354 ml,1.99,ea,REGULAR
20240520,3672,21386782_EA,21386782,Fresh Scent Disinfectant Wipes,Household Supplies,No Name,35 ea,3.0,ea,REGULAR
20240520,3672,20160496002_EA,20160496002,Pure Olive Oil,Not Available,No Name,750 ml,11.99,ea,REGULAR
20240520,3672,20811199_EA,20811199,"Perogies, Potato and Bacon Flavour",Frozen,No Name,907 g,2.29,ea,REGULAR
20240520,3672,20601345_EA,20601345,Crushed Tomatoes,Not Available,No Name,796 ml,1.79,ea,REGULAR
20240520,3672,20685942_EA,20685942,Plain Stirred 0% M.F. Yogurt,Dairy & Eggs,No Name,750 g,3.19,ea,REGULAR
20240520,3672,21480144_EA,21480144,Naturally Imperfect Frozen Berry Blend,Frozen,No Name,2 kg,14.0,ea,REGULAR
20240520,3673,20047452_EA,20047452,No.2 Cone Coffee Filters,Not Available,No Name,100 ea,3.49,ea,REGULAR
20240520,3673,20683482_EA,20683482,Sweet & Zesty Tomato Chili Sauce,Not Available,No Name,455 ml,4.99,ea,REGULAR
20240520,3673,20557334_EA,20557334,"All-Purpose Scouring Sponges, 2-Pack",Household Supplies,No Name,1 ea,2.0,ea,REGULAR
20240520,3673,20140914_EA,20140914,Marinated Quartered Artichoke Hearts,Not Available,No Name,170 ml,2.0,ea,REGULAR
20240520,3673,21289738_EA,21289738,Light Medium Cheddar Cheese,Dairy & Eggs,No Name,400 g,5.99,ea,REGULAR
20240520,3673,21097602_EA,21097602,Pineapple Tidbits in Pineapple Juice,Not Available,No Name,540 ml,1.79,ea,REGULAR
20240520,3673,21163526_EA,21163526,Coffee Whitener,Dairy & Eggs,No Name,1 kg,6.49,ea,REGULAR
20240520,3673,20010388_EA,20010388,100% Pure Corn Oil,Not Available,No Name,3 l,11.99,ea,REGULAR
20240520,3673,20969990001_EA,20969990001,Naturally Imperfect Green Peppers 2.5lb Bag,Fruits & Vegetables,No Name,1130 g,6.0,ea,SPECIAL
20240520,3673,20058286_EA,20058286,"Plastic Wrap, 30m",Household Supplies,No Name,1 ea,2.49,ea,REGULAR
20240520,3673,21406992_EA,21406992,Beach Umbrella,Not Available,No Name,1 ea,9.0,ea,SPECIAL
20240520,3673,20554592_EA,20554592,Fava Beans,Not Available,No Name,540 ml,1.49,ea,REGULAR
20240520,3673,20554592_EA,20554592,Fava Beans,Not Available,No Name,540 ml,1.49,ea,REGULAR
20240520,3673,20097492_EA,20097492,Whole Mushrooms,Not Available,No Name,284 ml,1.29,ea,REGULAR
20240520,3673,20052479_EA,20052479,Quick-Tie Tall Kitchen Garbage Bags,Household Supplies,No Name,30 ea,5.49,ea,REGULAR
20240520,3673,20742372_EA,20742372,Mozzarella 100% Real Cheese Slices ,Dairy & Eggs,No Name,230 g,4.5,ea,REGULAR
20240520,3673,20148493003_EA,20148493003,Diced White Potatoes,Not Available,No Name,540 ml,1.49,ea,REGULAR
20240520,3673,20015284001_EA,20015284001,Butterscotch Ripple Ice Milk,Frozen,No Name,4 l,5.99,ea,REGULAR
20240520,3673,20315613006_EA,20315613006,Penne Rigate Pasta,Not Available,No Name,900 g,2.0,ea,REGULAR
20240520,3673,20300473_EA,20300473,Baby Dill Pickles With Garlic,Not Available,No Name,1 l,3.29,ea,REGULAR
20240520,3675,20179276_EA,20179276,No.4 Cone Coffee Filters,Not Available,No Name,100 ea,3.49,ea,REGULAR
20240520,3675,20870360_EA,20870360,Storage Containers 20cm x 14cm x 5cm,Household Supplies,No Name,1 ea,4.0,ea,REGULAR
20240520,3675,20309769_EA,20309769,Shredded Cheddar & Monterey Jack Cheese Blend,Dairy & Eggs,No Name,900 g,14.49,ea,REGULAR
20240520,3675,20181225_EA,20181225,"Sweetened Shredded Coconut, Club Size",Not Available,No Name,1 kg,8.99,ea,REGULAR
20240520,3675,21119993_EA,21119993,Aluminum Foil Heavy-Duty 25',Household Supplies,No Name,1 ea,4.79,ea,REGULAR
20240520,3675,20309304_EA,20309304,Sour Pickled Onions,Not Available,No Name,375 ml,3.0,ea,REGULAR
20240520,3675,20313986_EA,20313986,Dill Pickles With Garlic,Not Available,No Name,2 l,5.99,ea,REGULAR
20240520,3675,21024382_EA,21024382,Fume Free Oven Cleaner,Household Supplies,No Name,400 g,4.29,ea,REGULAR
20240520,3675,20051787_EA,20051787,Apple Cider Vinegar,Not Available,No Name,500 ml,1.5,ea,REGULAR
20240520,3675,20338236_EA,20338236,Celebration Trail Mix,"Snacks, Chips & Candy",No Name,1 kg,10.99,ea,REGULAR
20240520,3675,21297819_EA,21297819,Whole Wheat English Muffins,Bakery,No Name,342 g,1.97,ea,SPECIAL
20240520,3675,20618890_EA,20618890,Clingstone Peach Slices in Light Syrup,Not Available,No Name,796 ml,3.49,ea,REGULAR
20240520,3675,21406992_EA,21406992,Beach Umbrella,Not Available,No Name,1 ea,12.0,ea,SPECIAL
20240520,3675,21406992_EA,21406992,Beach Umbrella,Not Available,No Name,1 ea,12.0,ea,SPECIAL
20240520,3675,20618079_EA,20618079,Onion Salt,Not Available,No Name,200 g,2.49,ea,REGULAR
20240520,3675,20015813_EA,20015813,Crispy Southern Style Chicken,Frozen,No Name,1 kg,18.99,ea,REGULAR
20240520,3675,21291287_EA,21291287,Microwave Butter Flavour Popcorn,"Snacks, Chips & Candy",No Name,1980 g,10.99,ea,REGULAR
20240520,3675,20869961_EA,20869961,Cookie Sheets,Household Supplies,No Name,1 ea,3.0,ea,REGULAR
20240520,3675,20312337001_EA,20312337001,Chicken Bouillon Concentrate,Not Available,No Name,500 ml,7.29,ea,REGULAR
20240520,3675,20326314001_EA,20326314001,Diced Clingstone Peaches in Light Syrup,"Snacks, Chips & Candy",No Name,4x107.0 ml,2.29,ea,REGULAR
20240520,3675,20325263_EA,20325263,Polskie Ogórki Dill Pickles,Not Available,No Name,1 l,3.29,ea,REGULAR
20240520,3677,20179276_EA,20179276,No.4 Cone Coffee Filters,Not Available,No Name,100 ea,3.49,ea,REGULAR
20240520,3677,20183991003_EA,20183991003,Fat-Free Cottage Cheese,Dairy & Eggs,No Name,500 g,3.99,ea,REGULAR
20240520,3677,20425980_EA,20425980,Pecan Halves,Not Available,No Name,400 g,11.49,ea,REGULAR
20240520,3677,20305854_EA,20305854,Old Cheddar Cheese,Dairy & Eggs,No Name,200 g,3.49,ea,REGULAR
20240520,3677,21466969_EA,21466969,Apple Cider Vinegar,Not Available,No Name,1 l,1.99,ea,REGULAR
20240520,3677,20795392_EA,20795392,Salted Tops Soda Crackers,"Snacks, Chips & Candy",No Name,454 g,3.29,ea,REGULAR
20240520,3677,21376440_EA,21376440,Camomile Herbal Tea,Drinks,No Name,24 g,2.99,ea,REGULAR
20240520,3677,20096157_EA,20096157,Extra Large Clear Multi Purpose Bags,Household Supplies,No Name,50 ea,15.99,ea,REGULAR
20240520,3677,21405450_EA,21405450,Scented Air Freshener Tropical Gel,Household Supplies,No Name,170 g,1.0,ea,REGULAR
20240520,3677,21291288_EA,21291288,Microwave Butter Flavour Popcorn,"Snacks, Chips & Candy",No Name,247 g,2.49,ea,REGULAR
20240520,3677,21406992_EA,21406992,Beach Umbrella,Not Available,No Name,1 ea,9.0,ea,SPECIAL
20240520,3677,20891403_EA,20891403,Stuffed Chicken with Jalapeno & Cheese,Frozen,No Name,284 g,4.79,ea,REGULAR
20240520,3677,20891403_EA,20891403,Stuffed Chicken with Jalapeno & Cheese,Frozen,No Name,284 g,4.79,ea,REGULAR
20240520,3677,20132840_EA,20132840,Thyme Leaves,Not Available,No Name,45 g,2.49,ea,REGULAR
20240520,3677,21208436_EA,21208436,Lemon Furniture Polish,Household Supplies,No Name,275 g,4.99,ea,REGULAR
20240520,3677,20305325_EA,20305325,Cranberry Cocktail,Drinks,No Name,3.78 l,5.99,ea,REGULAR
20240520,3677,20312337001_EA,20312337001,Chicken Bouillon Concentrate,Not Available,No Name,500 ml,7.29,ea,REGULAR
20240520,3677,20293477_EA,20293477,Roasted Peanuts In Shell,Fruits & Vegetables,No Name,2 kg,10.0,ea,SPECIAL
20240520,3677,20181401_EA,20181401,Garlic Salt,Not Available,No Name,1 kg,8.99,ea,REGULAR
20240520,3677,20870521_EA,20870521,"All-Purpose Pan with Lid, Giant Size",Household Supplies,No Name,1 ea,6.0,ea,REGULAR
20240520,3679,20179276_EA,20179276,No.4 Cone Coffee Filters,Not Available,No Name,100 ea,3.49,ea,REGULAR
20240520,3679,20547831_EA,20547831,Mayonnaise,Not Available,No Name,445 ml,3.79,ea,REGULAR
20240520,3679,21030532_C01,21030532,Dark Roast Coffee Pods Club Size,Drinks,No Name,1 ea,32.99,ea,REGULAR
20240520,3679,21013437_EA,21013437,Chocolate Ice Cream Sandwiches,Frozen,No Name,24x120.0 ml,10.0,ea,REGULAR
20240520,3679,20303822_EA,20303822,Whole Kernel Crisp Corn,Not Available,No Name,341 ml,1.29,ea,REGULAR
20240520,3679,20963916_EA,20963916,"Bathroom Tissue, 24 Double Rolls",Household Supplies,No Name,1 ea,11.49,ea,REGULAR
20240520,3679,20426035_EA,20426035,Walnut Pieces,Not Available,No Name,400 g,7.99,ea,REGULAR
20240520,3679,20132489_EA,20132489,75% Vegetable Oil Margarine,Dairy & Eggs,No Name,454 g,2.79,ea,REGULAR
20240520,3679,21406992_EA,21406992,Beach Umbrella,Not Available,No Name,1 ea,9.0,ea,SPECIAL
20240520,3679,21406992_EA,21406992,Beach Umbrella,Not Available,No Name,1 ea,9.0,ea,SPECIAL
20240520,3679,20617739_EA,20617739,Cinnamon Sticks,Not Available,No Name,100 g,2.49,ea,REGULAR
20240520,3679,20323261_EA,20323261,Oven-ready Lasagna Pasta,Not Available,No Name,375 g,2.49,ea,REGULAR
20240520,3679,20032552002_EA,20032552002,Raspberry Jam With Pectin,Not Available,No Name,500 ml,5.79,ea,REGULAR
20240520,3679,20869951_EA,20869951,Giant Oval Roaster with Handle,Household Supplies,No Name,1 ea,5.0,ea,REGULAR
20240520,3679,21124487001_EA,21124487001,Naturally Imperfect Lemons 3lb Bag,Fruits & Vegetables,No Name,1.36 kg,6.0,ea,SPECIAL
20240520,3679,21191816_EA,21191816,Seasoned Dry Roasted Peanuts,"Snacks, Chips & Candy",No Name,650 g,4.99,ea,REGULAR
20240520,3679,21406001_EA,21406001,"Food Containers, 50-pack",Household Supplies,No Name,50 ea,11.5,ea,REGULAR
20240520,3679,20325921001_EA,20325921001,Chickpeas,Not Available,No Name,540 ml,1.49,ea,REGULAR
20240520,3680,20996039_EA,20996039,"Roasted Peanuts, No Salt",Fruits & Vegetables,No Name,907 g,6.5,ea,REGULAR
20240520,3680,20547831_EA,20547831,Mayonnaise,Not Available,No Name,445 ml,3.79,ea,REGULAR
20240520,3680,21289729_EA,21289729,"Old Cheddar Cheese, Light",Dairy & Eggs,No Name,400 g,5.99,ea,REGULAR
20240520,3680,21013437_EA,21013437,Chocolate Ice Cream Sandwiches,Frozen,No Name,24x120.0 ml,10.0,ea,REGULAR
20240520,3680,20084432_EA,20084432,Spanish Queen Olives,Not Available,No Name,375 ml,1.99,ea,REGULAR
20240520,3680,20148493001_EA,20148493001,Whole White Potatoes,Not Available,No Name,540 ml,1.49,ea,REGULAR
20240520,3680,20105565_EA,20105565,Unsweetened Pineapple Juice,Drinks,No Name,1.36 l,3.99,ea,REGULAR
20240520,3680,21396647_EA,21396647,Worcestershire Sauce,Not Available,No Name,295 ml,2.49,ea,SPECIAL
20240520,3680,21406992_EA,21406992,Beach Umbrella,Not Available,No Name,1 ea,9.0,ea,SPECIAL
20240520,3680,21406992_EA,21406992,Beach Umbrella,Not Available,No Name,1 ea,9.0,ea,SPECIAL
20240520,3680,20618033_EA,20618033,Ground Cumin,Not Available,No Name,97 g,2.49,ea,REGULAR
20240520,3680,20975773_EA,20975773,Farmer's Marble Cheese,Dairy & Eggs,No Name,700 g,9.99,ea,REGULAR
20240520,3680,20032552002_EA,20032552002,Raspberry Jam With Pectin,Not Available,No Name,500 ml,5.79,ea,REGULAR
20240520,3680,20870584_EA,20870584,Roaster Pans with Lids 30 cm x 24 cm x 5.9 cm,Household Supplies,No Name,1 ea,5.0,ea,REGULAR
20240520,3680,20114725_EA,20114725,Garlic Powder Club Size,Not Available,No Name,700 g,7.99,ea,REGULAR
20240520,3680,21393583_EA,21393583,Medium Roast Decaffeinated Coffee Pods,Drinks,No Name,114 g,6.79,ea,REGULAR
20240520,3680,21013899_EA,21013899,Chopped Garlic,Not Available,No Name,1 kg,6.99,ea,REGULAR
20240520,3680,21509645_EA,21509645,Hamburger Buns,Bakery,No Name,540 g,2.5,ea,SPECIAL
20240520,3681,21124368001_EA,21124368001,Naturally Imperfect Limes,Fruits & Vegetables,No Name,907 g,6.0,ea,REGULAR
20240520,3681,21124368001_EA,21124368001,Naturally Imperfect Limes,Fruits & Vegetables,No Name,907 g,6.0,ea,REGULAR
20240520,3683,20113422002_EA,20113422002,Light Whipped Topping,Frozen,No Name,1 l,3.59,ea,REGULAR
20240520,3683,20166921_EA,20166921,Calorie-Free Sweetener Packets,Not Available,No Name,160 g,4.29,ea,REGULAR
20240520,3683,20869962_EA,20869962,Square Cake Pans with Lids,Household Supplies,No Name,1 ea,5.0,ea,REGULAR
20240520,3683,20628590001_EA,20628590001,Chunky Mixed Fruit in Juice From Concentrate,Not Available,No Name,796 ml,3.49,ea,REGULAR
20240520,3683,20795392_EA,20795392,Salted Tops Soda Crackers,"Snacks, Chips & Candy",No Name,454 g,3.29,ea,REGULAR
20240520,3683,20683943_EA,20683943,Chocolate Hazelnut Spread,Not Available,No Name,725 g,5.0,ea,SPECIAL
20240520,3683,21509829_EA,21509829,Hot Dog Buns,Bakery,No Name,516 g,2.5,ea,SPECIAL
20240520,3683,21406992_EA,21406992,Beach Umbrella,Not Available,No Name,1 ea,9.0,ea,SPECIAL
20240520,3683,21406992_EA,21406992,Beach Umbrella,Not Available,No Name,1 ea,9.0,ea,SPECIAL
20240520,3683,20734142_EA,20734142,"Smoked Sausages, Cheese",Meat,No Name,900 g,10.0,ea,REGULAR
20240520,3683,21435777001_EA,21435777001,Large Size Eggs,Dairy & Eggs,No Name,30 ea,10.07,ea,REGULAR
20240520,3683,20099523_EA,20099523,100% Pure Sunflower Oil,Not Available,No Name,946 ml,6.99,ea,REGULAR
20240520,3683,20160496002_EA,20160496002,Pure Olive Oil,Not Available,No Name,750 ml,11.99,ea,REGULAR
20240520,3683,20971002_EA,20971002,"2-Ply Hypoallergenic Facial Tissues, 126 Sheets",Household Supplies,No Name,6x1.0 ea,7.0,ea,REGULAR
20240520,3683,20627614002_EA,20627614002,Mayonnaise,Not Available,No Name,890 ml,4.79,ea,REGULAR
20240520,3683,20725249_EA,20725249,"Mopping Pad Refills, 12-Pack",Household Supplies,No Name,1 ea,4.99,ea,REGULAR
20240520,3683,20179960_EA,20179960,Compostable Kitchen Bags for Organics ,Household Supplies,No Name,20 ea,5.49,ea,REGULAR
20240520,3684,20047452_EA,20047452,No.2 Cone Coffee Filters,Not Available,No Name,100 ea,3.49,ea,REGULAR
20240520,3684,20869964_EA,20869964,Loaf Pans with Lids,Household Supplies,No Name,2 ea,3.5,ea,REGULAR
20240520,3684,20180368002_EA,20180368002,Blueberry Waffles,Frozen,No Name,560 g,4.99,ea,REGULAR
20240520,3684,21046471001_EA,21046471001,Naturally Imperfect English Cucumber 3lb Bag,Fruits & Vegetables,No Name,1.36 kg,5.0,ea,SPECIAL
20240520,3684,20315613005_EA,20315613005,Small Shells Pasta,Not Available,No Name,900 g,2.0,ea,REGULAR
20240520,3684,20939699_EA,20939699,Plastic Cups 9Oz ( Pack Of 40),Home & Kitchen,No Name,1 ea,5.0,ea,REGULAR
20240520,3684,21545097_EA,21545097,Naturally Imperfect Cultivated Blueberries,Frozen,No Name,300 g,3.0,ea,REGULAR
20240520,3684,20083786_EA,20083786,Charcoal Starter,Home & Kitchen,No Name,1 ea,3.99,ea,SPECIAL
20240520,3684,20323762001_EA,20323762001,"Potato and Cheddar Perogies, Club Size",Frozen,No Name,2 kg,4.99,ea,REGULAR
20240520,3684,20031065002_EA,20031065002,Ice Pops,Frozen,No Name,30x75.0 ml,6.29,ea,REGULAR
20240520,3684,20845425_EA,20845425,Basmati Rice,Not Available,No Name,3.63 kg,11.99,ea,REGULAR
20240520,3684,20554594_EA,20554594,Black-Eyed Peas,Not Available,No Name,540 ml,1.49,ea,REGULAR
20240520,3684,21406992_EA,21406992,Beach Umbrella,Not Available,No Name,1 ea,12.0,ea,SPECIAL
20240520,3684,20734371_EA,20734371,Original Smoked Sausages,Meat,No Name,900 g,6.99,ea,SPECIAL
20240520,3684,21464622_EA,21464622,Multi Surface Disinfecting Cleaner,Household Supplies,No Name,650 ml,2.99,ea,REGULAR
20240520,3684,21120000_EA,21120000,"Aluminum Foil, Club Pack",Household Supplies,No Name,1 ea,21.99,ea,REGULAR
20240520,3684,21309894_EA,21309894,Lemon Fresh Dishwashing Liquid ,Household Supplies,No Name,800 ml,2.29,ea,REGULAR
20240520,3684,20556918_EA,20556918,All-Purpose Scouring Sponges,Household Supplies,No Name,6 pack,5.0,ea,REGULAR
20240520,3684,20132206_EA,20132206,Margarine Spread,Dairy & Eggs,No Name,454 g,2.79,ea,REGULAR
20240520,3684,20870521_EA,20870521,"All-Purpose Pan with Lid, Giant Size",Household Supplies,No Name,1 ea,6.0,ea,REGULAR
20240520,3685,20047452_EA,20047452,No.2 Cone Coffee Filters,Not Available,No Name,100 ea,3.49,ea,REGULAR
20240520,3685,20325649_EA,20325649,Stuffed Manzanilla Olives With Pimento Paste,Not Available,No Name,375 ml,2.0,ea,REGULAR
20240520,3685,20119954_EA,20119954,Sweet Gherkins Pickles ,Not Available,No Name,375 ml,2.99,ea,REGULAR
20240520,3685,20970794_EA,20970794,Chopped Dried Dates,Not Available,No Name,300 g,3.99,ea,REGULAR
20240520,3685,20312337001_EA,20312337001,Chicken Bouillon Concentrate,Not Available,No Name,500 ml,6.99,ea,REGULAR
20240520,3685,20503035004_EA,20503035004,Grape Drink Boxes,Drinks,No Name,10x200.0 ml,3.29,ea,REGULAR
20240520,3685,21291313_EA,21291313,Popping Corn,"Snacks, Chips & Candy",No Name,1 kg,2.79,ea,REGULAR
20240520,3685,20307386002_EA,20307386002,Fettuccine Pasta,Not Available,No Name,500 g,1.49,ea,REGULAR
20240520,3685,20647008_EA,20647008,Pitted Prunes,Not Available,No Name,750 g,12.49,ea,REGULAR
20240520,3685,20311578001_EA,20311578001,Multi-Coloured Mini Marshmallows,Not Available,No Name,400 g,2.5,ea,SPECIAL
20240520,3685,21406992_EA,21406992,Beach Umbrella,Not Available,No Name,1 ea,9.0,ea,SPECIAL
20240520,3685,20617972_EA,20617972,Rosemary Leaves,Not Available,No Name,50 g,2.49,ea,REGULAR
20240520,3685,20617972_EA,20617972,Rosemary Leaves,Not Available,No Name,50 g,2.49,ea,REGULAR
20240520,3685,21040543_EA,21040543,2% Evaporated Partly Skimmed Milk,Drinks,No Name,354 ml,1.99,ea,REGULAR
20240520,3685,20911023_EA,20911023,Original Cream Cheese Spread ,Dairy & Eggs,No Name,340 g,4.89,ea,REGULAR
20240520,3685,20177169001_EA,20177169001,Extra-Scented Scoopable Clumping Cat Litter for Multiple Cats,Not Available,No Name,18 kg,11.49,ea,REGULAR
20240520,3685,20572093001_EA,20572093001,"Wafers, Cocoa","Snacks, Chips & Candy",No Name,175 g,1.79,ea,REGULAR
20240520,3685,21393583_EA,21393583,Medium Roast Decaffeinated Coffee Pods,Drinks,No Name,114 g,6.79,ea,REGULAR
20240520,3685,20702577_EA,20702577,Crispy Rice Marshmallow Squares,Not Available,No Name,528 g,6.99,ea,REGULAR
20240520,3685,20127455002_EA,20127455002,Slivered Almonds ,Not Available,No Name,100 g,2.79,ea,REGULAR
20240520,3686,21081340_EA,21081340,Beef Rawhide Bagels Dog Treats,Pet Supplies,No Name,1 ea,15.99,ea,REGULAR
20240520,3686,21375917_EA,21375917,"Parchment Paper, 10-metre",Household Supplies,No Name,10 ea,2.99,ea,REGULAR
20240520,3686,20944462001_EA,20944462001,Naturally Imperfect Potatoes 15lb,Fruits & Vegetables,No Name,6804 g,6.0,ea,SPECIAL
20240520,3686,20866351_EA,20866351,"Cake Pans, 13x9 """,Household Supplies,No Name,1 ea,4.0,ea,REGULAR
20240520,3686,20174632_EA,20174632,Whole Kernel Corn,Frozen,No Name,2 kg,6.29,ea,REGULAR
20240520,3686,20323762003_EA,20323762003,"Potato & Bacon Flavour Perogies, Club Size",Frozen,No Name,2 kg,4.99,ea,REGULAR
20240520,3686,21545097_EA,21545097,Naturally Imperfect Cultivated Blueberries,Frozen,No Name,300 g,3.0,ea,REGULAR
20240520,3686,21509829_EA,21509829,Hot Dog Buns,Bakery,No Name,516 g,2.5,ea,SPECIAL
20240520,3686,21406992_EA,21406992,Beach Umbrella,Not Available,No Name,1 ea,9.0,ea,SPECIAL
20240520,3686,21406992_EA,21406992,Beach Umbrella,Not Available,No Name,1 ea,9.0,ea,SPECIAL
20240520,3686,20617756_EA,20617756,Sesame Seeds,Not Available,No Name,150 g,2.49,ea,REGULAR
20240520,3686,20298199_EA,20298199,Balanced Nutrition Dry Cat Food,Pet Supplies,No Name,8 kg,21.99,ea,REGULAR
20240520,3686,20648026_EA,20648026,Sultana Raisins,Not Available,No Name,375 g,4.49,ea,REGULAR
20240520,3686,21119988_EA,21119988,Aluminum Foil 100 ft,Household Supplies,No Name,1 ea,5.0,ea,REGULAR
20240520,3686,20159354_EA,20159354,Fully Cooked Real Bacon Bits,Not Available,No Name,85 g,4.99,ea,REGULAR
20240520,3686,20014940_EA,20014940,Compostable Green Bin Liners for Organics,Household Supplies,No Name,10 ea,7.0,ea,REGULAR
20240520,3686,20161396_EA,20161396,"Peas & Carrots, Club Size",Frozen,No Name,2 kg,6.29,ea,REGULAR
20240520,3686,21348616_EA,21348616,Spicy Barbecue Potato Chips ,"Snacks, Chips & Candy",No Name,200 g,1.49,ea,REGULAR
20240520,3687,21303105_EA,21303105,No Corn Wild Bird Seed Mix,Pet Supplies,No Name,8 kg,13.99,ea,REGULAR
20240520,3687,20056697_EA,20056697,Pure Tomato Paste,Not Available,No Name,369 ml,1.69,ea,REGULAR
20240520,3687,20347400004_EA,20347400004,Assorted Cream Bars,Frozen,No Name,30x60.0 ml,10.0,ea,REGULAR
20240520,3687,20866351_EA,20866351,"Cake Pans, 13x9 """,Household Supplies,No Name,1 ea,4.0,ea,REGULAR
20240520,3687,20323762003_EA,20323762003,"Potato & Bacon Flavour Perogies, Club Size",Frozen,No Name,2 kg,4.99,ea,REGULAR
20240520,3687,20975786_EA,20975786,Medium Cheddar Cheese,Dairy & Eggs,No Name,700 g,9.99,ea,REGULAR
20240520,3687,21289764_EA,21289764,Medium Cheddar Cheese,Dairy & Eggs,No Name,400 g,5.99,ea,REGULAR
20240520,3687,20031065002_EA,20031065002,Ice Pops,Frozen,No Name,30x75.0 ml,6.29,ea,REGULAR
20240520,3687,21406992_EA,21406992,Beach Umbrella,Not Available,No Name,1 ea,9.0,ea,SPECIAL
20240520,3687,21406992_EA,21406992,Beach Umbrella,Not Available,No Name,1 ea,9.0,ea,SPECIAL
20240520,3687,20618363_EA,20618363,Chili Powder,Not Available,No Name,150 g,2.49,ea,REGULAR
20240520,3687,20601347_EA,20601347,Whole Plum Tomatoes,Not Available,No Name,796 ml,1.79,ea,REGULAR
20240520,3687,20320439003_EA,20320439003,Fruit Punch,Drinks,No Name,2 l,2.0,ea,REGULAR
20240520,3687,20962493_EA,20962493,Cheese Flavoured Crunchy Snacks,"Snacks, Chips & Candy",No Name,200 g,2.49,ea,REGULAR
20240520,3687,20304431_EA,20304431,Pecan Halves,Not Available,No Name,100 g,2.79,ea,REGULAR
20240520,3687,20308105002_EA,20308105002,Pasteurized Light Cream Cheese Spread,Dairy & Eggs,No Name,250 g,3.0,ea,REGULAR
20240520,3687,20097482001_EA,20097482001,Spicy Thai Chili Flaked Light Tuna,Not Available,No Name,85 g,1.29,ea,REGULAR
20240520,3687,20302770_EA,20302770,Ice Milk Neapolitan Club Pack,Frozen,No Name,4 l,5.99,ea,REGULAR
20240520,3688,20047452_EA,20047452,No.2 Cone Coffee Filters,Not Available,No Name,100 ea,3.49,ea,REGULAR
20240520,3688,20426318_EA,20426318,Walnut Pieces Club Size,Not Available,No Name,1 kg,16.99,ea,REGULAR
20240520,3688,21030532_C01,21030532,Dark Roast Coffee Pods Club Size,Drinks,No Name,1 ea,32.99,ea,REGULAR
20240520,3688,20305854_EA,20305854,Old Cheddar Cheese,Dairy & Eggs,No Name,200 g,3.49,ea,REGULAR
20240520,3688,21158728_EA,21158728,Reusable Grocery Tote Bag,Home & Kitchen,No Name,1 ea,2.0,ea,REGULAR
20240520,3688,21384127_EA,21384127,Paper Dessert Plates 40 ,Home & Kitchen,No Name,40 ea,5.5,ea,REGULAR
20240520,3688,20114154_EA,20114154,Beef Burger 4 Oz,Frozen,No Name,1.36 kg,9.99,ea,SPECIAL
20240520,3688,20010388_EA,20010388,100% Pure Corn Oil,Not Available,No Name,3 l,11.99,ea,REGULAR
20240520,3688,20171693_EA,20171693,Whole Hearts Of Palm,Not Available,No Name,398 ml,3.49,ea,REGULAR
20240520,3688,21384171_EA,21384171,Paper Dinner Plates Club Size  ,Home & Kitchen,No Name,125 ea,20.5,ea,REGULAR
20240520,3688,21406992_EA,21406992,Beach Umbrella,Not Available,No Name,1 ea,12.0,ea,SPECIAL
20240520,3688,20628585001_EA,20628585001,Clingstone Peach Slices in Juice From Concentrate,Not Available,No Name,398 ml,1.99,ea,REGULAR
20240520,3688,20628585001_EA,20628585001,Clingstone Peach Slices in Juice From Concentrate,Not Available,No Name,398 ml,1.99,ea,REGULAR
20240520,3688,21291640_EA,21291640,Sardines,Not Available,No Name,106 g,1.49,ea,REGULAR
20240520,3688,20539203_EA,20539203,Lemon Scent Dishwasher Detergent ,Household Supplies,No Name,1.8 kg,5.99,ea,REGULAR
20240520,3688,20503296_EA,20503296,"Stuffed Breaded Chicken, Broccoli & Cheese (2 Pack)",Frozen,No Name,284 g,4.79,ea,REGULAR
20240520,3688,21308570_EA,21308570,Wild Bird Seed Mix,Pet Supplies,No Name,8 kg,16.49,ea,REGULAR
20240520,3688,20430176_EA,20430176,Artificial Vanilla Extract,Not Available,No Name,125 ml,2.99,ea,REGULAR
20240520,3688,20315613006_EA,20315613006,Penne Rigate Pasta,Not Available,No Name,900 g,2.0,ea,REGULAR
20240520,3688,20314839001_EA,20314839001,Maple-Style Beans ,Not Available,No Name,398 ml,0.99,ea,SPECIAL
20240520,3690,21394636_EA,21394636,No Name To Go Tumbler - Yellow,Home & Kitchen,No Name,1 ea,5.0,ea,SPECIAL
20240520,3690,20870337_EA,20870337,Round Storage Containers with Lids,Household Supplies,No Name,3 ea,5.0,ea,REGULAR
20240520,3690,20557334_EA,20557334,"All-Purpose Scouring Sponges, 2-Pack",Household Supplies,No Name,1 ea,2.0,ea,REGULAR
20240520,3690,20181225_EA,20181225,"Sweetened Shredded Coconut, Club Size",Not Available,No Name,1 kg,8.99,ea,REGULAR
20240520,3690,20316375003_EA,20316375003,Buttermilk Waffles,Frozen,No Name,280 g,2.5,ea,REGULAR
20240520,3690,20971992_EA,20971992,Lime Juice,Drinks,No Name,445 ml,2.49,ea,REGULAR
20240520,3690,20963916_EA,20963916,"Bathroom Tissue, 24 Double Rolls",Household Supplies,No Name,1 ea,11.49,ea,REGULAR
20240520,3690,20054575_EA,20054575,Elbow Macaroni Pasta,Not Available,No Name,2 kg,4.0,ea,REGULAR
20240520,3690,20868985001_EA,20868985001,"Imperfect Apples, 6 lb bag",Fruits & Vegetables,No Name,2.72 kg,7.0,ea,SPECIAL
20240520,3690,21297819_EA,21297819,Whole Wheat English Muffins,Bakery,No Name,342 g,1.97,ea,SPECIAL
20240520,3690,21406992_EA,21406992,Beach Umbrella,Not Available,No Name,1 ea,12.0,ea,SPECIAL
20240520,3690,21045313_EA,21045313,"Chicken Wings, Mild BBQ",Frozen,No Name,908 g,13.99,ea,REGULAR
20240520,3690,21045313_EA,21045313,"Chicken Wings, Mild BBQ",Frozen,No Name,908 g,13.99,ea,REGULAR
20240520,3690,20618079_EA,20618079,Onion Salt,Not Available,No Name,200 g,2.49,ea,REGULAR
20240520,3690,21545106_EA,21545106,Naturally Imperfect Sliced Strawberries,Frozen,No Name,400 g,3.0,ea,REGULAR
20240520,3690,20126627_EA,20126627,Cocktail Glass 90Z,Home & Kitchen,No Name,50x50.0 ea,5.5,ea,REGULAR
20240520,3690,21082795_EA,21082795,Shredded Nacho Cheese Blend,Dairy & Eggs,No Name,320 g,5.79,ea,REGULAR
20240520,3690,21376451_EA,21376451,Peppermint Herbal Tea,Drinks,No Name,36 g,2.99,ea,REGULAR
20240520,3690,20130996_EA,20130996,Wine Sauerkraut,Not Available,No Name,1 l,5.99,ea,REGULAR
20240520,3690,20163065001_EA,20163065001,"3-Flavour Mix Cat Food, Chicken, Turkey & Seafood",Pet Supplies,No Name,4 kg,13.49,ea,REGULAR
20240520,3691,20047452_EA,20047452,No.2 Cone Coffee Filters,Not Available,No Name,100 ea,3.49,ea,REGULAR
20240520,3691,20065872_EA,20065872,Seasoned Stuffing Mix,Not Available,No Name,120 g,1.49,ea,REGULAR
20240520,3691,20628489002_EA,20628489002,Italian Dressing,Not Available,No Name,475 ml,2.79,ea,REGULAR
20240520,3691,20101572001_EA,20101572001,"Naturally Imperfect Russet Potatoes, 20 lb Bag",Fruits & Vegetables,No Name,9.07 kg,9.0,ea,SPECIAL
20240520,3691,20325160001_EA,20325160001,Unsweetened Medium Coconut,Not Available,No Name,200 g,2.29,ea,REGULAR
20240520,3691,20174360002_EA,20174360002,Sweet Green Relish,Not Available,No Name,375 ml,1.69,ea,REGULAR
20240520,3691,20628489001_EA,20628489001,Caesar Dressing,Not Available,No Name,475 ml,2.79,ea,REGULAR
20240520,3691,20017493_EA,20017493,Whipped Topping ,Dairy & Eggs,No Name,225 g,3.89,ea,REGULAR
20240520,3691,20702393_EA,20702393,Club Pack Chicken Drumsticks,Frozen,No Name,2 kg,18.99,ea,REGULAR
20240520,3691,20015818_EA,20015818,Pepperoni,Deli,No Name,500 g,6.0,ea,REGULAR
20240520,3691,21221009_EA,21221009,Cheddar Flavour Processed Cheese Product Thick Slices,Dairy & Eggs,No Name,400 g,4.29,ea,REGULAR
20240520,3691,21045311_EA,21045311,"Chicken Wings, Honey Garlic",Frozen,No Name,908 g,12.99,ea,REGULAR
20240520,3691,21406992_EA,21406992,Beach Umbrella,Not Available,No Name,1 ea,9.0,ea,SPECIAL
20240520,3691,21406992_EA,21406992,Beach Umbrella,Not Available,No Name,1 ea,9.0,ea,SPECIAL
20240520,3691,20618079_EA,20618079,Onion Salt,Not Available,No Name,200 g,2.49,ea,REGULAR
20240520,3691,20033683_EA,20033683,Pure 100% Canadian Liquid Honey,Not Available,No Name,1 kg,8.99,ea,REGULAR
20240520,3691,20029218_EA,20029218,"3-Flavour Mix Dry Cat Food, Chicken, Turkey & Seafood",Pet Supplies,No Name,8 kg,20.99,ea,REGULAR
20240520,3691,20870423_EA,20870423,"Electric Burner Liners, Large",Household Supplies,No Name,6 ea,3.5,ea,REGULAR
20240520,3691,20301274002_EA,20301274002,Beef Flavour Instant Noodle Soup,Not Available,No Name,85 g,0.39,ea,REGULAR
20240520,3691,20793444003_EA,20793444003,Vanilla Ice Milk,Frozen,No Name,4 l,5.99,ea,REGULAR
20240520,3691,20964652_EA,20964652,"Bathroom Tissue, 12 Rolls",Household Supplies,No Name,12 ea,5.0,ea,REGULAR
20240520,3692,20179276_EA,20179276,No.4 Cone Coffee Filters,Not Available,No Name,100 ea,3.49,ea,REGULAR
20240520,3692,21375917_EA,21375917,"Parchment Paper, 10-metre",Household Supplies,No Name,10 ea,2.99,ea,REGULAR
20240520,3692,20015284002_EA,20015284002,Vanilla Ice Milk,Frozen,No Name,4 l,5.99,ea,REGULAR
20240520,3692,21396647_EA,21396647,Worcestershire Sauce,Not Available,No Name,295 ml,2.49,ea,SPECIAL
20240520,3692,20315413002_EA,20315413002,Sweet & Salty Almond Chewy Nut Bars,"Snacks, Chips & Candy",No Name,175 g,1.99,ea,REGULAR
20240520,3692,20765349_EA,20765349,Stringable Cheese Marble,Dairy & Eggs,No Name,336 g,7.79,ea,REGULAR
20240520,3692,20054575_EA,20054575,Elbow Macaroni Pasta,Not Available,No Name,2 kg,4.0,ea,REGULAR
20240520,3692,20647008_EA,20647008,Pitted Prunes,Not Available,No Name,750 g,11.99,ea,REGULAR
20240520,3692,20301246002_EA,20301246002,"Soup Cups, Chicken",Not Available,No Name,65 g,0.99,ea,REGULAR
20240520,3692,21406992_EA,21406992,Beach Umbrella,Not Available,No Name,1 ea,12.0,ea,SPECIAL
20240520,3692,21406992_EA,21406992,Beach Umbrella,Not Available,No Name,1 ea,12.0,ea,SPECIAL
20240520,3692,20618039_EA,20618039,Ground Thyme,Not Available,No Name,80 g,2.49,ea,REGULAR
20240520,3692,21540272_EA,21540272,Fresh Scent Dirt Release Detergent,Household Supplies,No Name,4.43 l,9.99,ea,REGULAR
20240520,3692,20304672002_EA,20304672002,Mini Marshmallows,Not Available,No Name,400 g,2.5,ea,SPECIAL
20240520,3692,21302932_EA,21302932,Ketchup Potato Chips,"Snacks, Chips & Candy",No Name,200 g,1.49,ea,REGULAR
20240520,3692,21161826_EA,21161826,"Round 10 Piece Meal PreContainer, Blue",Home & Kitchen,No Name,1 ea,5.0,ea,REGULAR
20240520,3692,20627614002_EA,20627614002,Mayonnaise,Not Available,No Name,890 ml,4.79,ea,REGULAR
20240520,3692,20870641_EA,20870641,Freezer Containers with Lids,Household Supplies,No Name,1 ea,5.0,ea,REGULAR
20240520,3692,21348616_EA,21348616,Spicy Barbecue Potato Chips ,"Snacks, Chips & Candy",No Name,200 g,1.49,ea,REGULAR
20240520,3694,20179276_EA,20179276,No.4 Cone Coffee Filters,Not Available,No Name,100 ea,3.49,ea,REGULAR
20240520,3694,20325649_EA,20325649,Stuffed Manzanilla Olives With Pimento Paste,Not Available,No Name,375 ml,1.99,ea,REGULAR
20240520,3694,20557334_EA,20557334,"All-Purpose Scouring Sponges, 2-Pack",Household Supplies,No Name,1 ea,2.0,ea,REGULAR
20240520,3694,20181225_EA,20181225,"Sweetened Shredded Coconut, Club Size",Not Available,No Name,1 kg,8.99,ea,REGULAR
20240520,3694,21466969_EA,21466969,Apple Cider Vinegar,Not Available,No Name,1 l,1.99,ea,REGULAR
20240520,3694,20012421_EA,20012421,Malt Vinegar,Not Available,No Name,500 ml,1.69,ea,REGULAR
20240520,3694,20889882_EA,20889882,"Crackers and Cheese, Processed Cheese Product","Snacks, Chips & Candy",No Name,3x29.0 g,1.5,ea,REGULAR
20240520,3694,21096226_EA,21096226,Seasoned Croutons,Not Available,No Name,145 g,2.0,ea,SPECIAL
20240520,3694,20689486_EA,20689486,Fragrance-Free Dryer Sheets,Household Supplies,No Name,80 ea,3.99,ea,REGULAR
20240520,3694,20552134001_EA,20552134001,Concentrated Berry Punch,Frozen,No Name,283 ml,1.39,ea,REGULAR
20240520,3694,20151390_EA,20151390,"Smoked Summer Sausage, Sliced",Deli,No Name,500 g,5.0,ea,REGULAR
20240520,3694,21045311_EA,21045311,"Chicken Wings, Honey Garlic",Frozen,No Name,908 g,13.99,ea,REGULAR
20240520,3694,21406992_EA,21406992,Beach Umbrella,Not Available,No Name,1 ea,12.0,ea,SPECIAL
20240520,3694,21406992_EA,21406992,Beach Umbrella,Not Available,No Name,1 ea,12.0,ea,SPECIAL
20240520,3694,20923942_EA,20923942,One Minute 100% Whole Grain Oats,Not Available,No Name,900 g,2.79,ea,REGULAR
20240520,3694,21386782_EA,21386782,Fresh Scent Disinfectant Wipes,Household Supplies,No Name,35 ea,3.0,ea,REGULAR
20240520,3694,20326314001_EA,20326314001,Diced Clingstone Peaches in Light Syrup,"Snacks, Chips & Candy",No Name,4x107.0 ml,2.29,ea,REGULAR
20240520,3694,20647402_EA,20647402,Dried Apricots ,Not Available,No Name,500 g,9.99,ea,REGULAR
20240520,3694,20323233_EA,20323233,Honey Graham Crumbs,Not Available,No Name,400 g,4.49,ea,REGULAR
20240520,3694,20315613006_EA,20315613006,Penne Rigate Pasta,Not Available,No Name,900 g,2.0,ea,REGULAR
20240520,3694,21448475_EA,21448475,Fully Cooked Real Bacon Bits,Not Available,No Name,567 g,17.49,ea,REGULAR
20240520,3695,20179276_EA,20179276,No.4 Cone Coffee Filters,Not Available,No Name,100 ea,3.49,ea,REGULAR
20240520,3695,20065872_EA,20065872,Seasoned Stuffing Mix,Not Available,No Name,120 g,1.49,ea,REGULAR
20240520,3695,20552134003_EA,20552134003,Concentrated Grape Punch,Frozen,No Name,283 ml,1.39,ea,REGULAR
20240520,3695,20361493_EA,20361493,"Vinyl Disposable Gloves, Medium",Household Supplies,No Name,100 ea,10.99,ea,REGULAR
20240520,3695,20055326001_EA,20055326001,Red Glace Cherries,Not Available,No Name,450 g,6.79,ea,REGULAR
20240520,3695,20302205_EA,20302205,Mixed Garden Vegetables,Frozen,No Name,750 g,2.59,ea,REGULAR
20240520,3695,21464499_EA,21464499,"Paper Straws, 150 Straws",Not Available,No Name,150 ea,3.0,ea,REGULAR
20240520,3695,20296985003_EA,20296985003,Smooth Light Peanut Butter,Not Available,No Name,1 kg,4.79,ea,REGULAR
20240520,3695,21097609_EA,21097609,Sliced Pineapple in Pineapple Juice,Not Available,No Name,540 ml,1.79,ea,REGULAR
20240520,3695,20005237_EA,20005237,Whole Kernel Corn,Not Available,No Name,341 ml,1.29,ea,REGULAR
20240520,3695,20866351_EA,20866351,"Cake Pans, 13x9 """,Household Supplies,No Name,1 ea,4.0,ea,REGULAR
20240520,3695,21045313_EA,21045313,"Chicken Wings, Mild BBQ",Frozen,No Name,908 g,13.99,ea,REGULAR
20240520,3695,21406992_EA,21406992,Beach Umbrella,Not Available,No Name,1 ea,9.0,ea,SPECIAL
20240520,3695,21406992_EA,21406992,Beach Umbrella,Not Available,No Name,1 ea,9.0,ea,SPECIAL
20240520,3695,21291640_EA,21291640,Sardines,Not Available,No Name,106 g,1.49,ea,REGULAR
20240520,3695,20010471_EA,20010471,Red Wine Vinegar,Not Available,No Name,500 ml,1.69,ea,REGULAR
20240520,3695,20127455003_EA,20127455003,Whole Blanched Almonds,Not Available,No Name,100 g,2.79,ea,REGULAR
20240520,3695,21302943_EA,21302943,Dill Pickle Potato Chips,"Snacks, Chips & Candy",No Name,200 g,1.49,ea,REGULAR
20240520,3695,21030561_EA,21030561,Pepperoni Pizzas,Frozen,No Name,1660 g,12.99,ea,REGULAR
20240520,3695,21529759_EA,21529759,Cold Water Dirt Release Detergent Club Size,Household Supplies,No Name,6 l,14.99,ea,REGULAR
20240520,3695,20030317_EA,20030317,Sweet Pickled Onions,Not Available,No Name,375 ml,3.0,ea,REGULAR
20240520,3697,21394636_EA,21394636,No Name To Go Tumbler - Yellow,Home & Kitchen,No Name,1 ea,5.0,ea,SPECIAL
20240520,3697,21541429_EA,21541429,"Thin Crust Pizza, Cheese",Frozen,No Name,369 g,3.5,ea,REGULAR
20240520,3697,20119954_EA,20119954,Sweet Gherkins Pickles ,Not Available,No Name,375 ml,3.0,ea,REGULAR
20240520,3697,21180324_EA,21180324,Apple Cider Vinegar Club Size,Not Available,No Name,4 l,4.49,ea,REGULAR
20240520,3697,20315613005_EA,20315613005,Small Shells Pasta,Not Available,No Name,900 g,2.0,ea,REGULAR
20240520,3697,20031869_EA,20031869,"All-Purpose Reusable Cloths, 40 Sheets",Household Supplies,No Name,1 ea,6.99,ea,REGULAR
20240520,3697,20315944_EA,20315944,Chocolate Ice Milk,Frozen,No Name,4 l,5.99,ea,REGULAR
20240520,3697,20299735_EA,20299735,Regular Quick-Tie Kitchen Garbage Bags ,Household Supplies,No Name,48 ea,5.49,ea,REGULAR
20240520,3697,21200683_EA,21200683,Shredded Marble Farmer's Cheese,Dairy & Eggs,No Name,900 g,14.49,ea,REGULAR
20240520,3697,20305854_EA,20305854,Old Cheddar Cheese,Dairy & Eggs,No Name,200 g,3.49,ea,REGULAR
20240520,3697,20311578001_EA,20311578001,Multi-Coloured Mini Marshmallows,Not Available,No Name,400 g,2.5,ea,SPECIAL
20240520,3697,20554594_EA,20554594,Black-Eyed Peas,Not Available,No Name,540 ml,1.49,ea,REGULAR
20240520,3697,21406992_EA,21406992,Beach Umbrella,Not Available,No Name,1 ea,12.0,ea,SPECIAL
20240520,3697,21406992_EA,21406992,Beach Umbrella,Not Available,No Name,1 ea,12.0,ea,SPECIAL
20240520,3697,20618079_EA,20618079,Onion Salt,Not Available,No Name,200 g,2.49,ea,REGULAR
20240520,3697,20015478_EA,20015478,Disposable Cleaning Gloves,Household Supplies,No Name,25 ea,3.5,ea,REGULAR
20240520,3697,20161396_EA,20161396,"Peas & Carrots, Club Size",Frozen,No Name,2 kg,6.29,ea,REGULAR
20240520,3697,20088698002_EA,20088698002,Mild Salsa ,Not Available,No Name,430 ml,3.79,ea,REGULAR
20240520,3697,20322987_EA,20322987,5% M.F. Light Sour Cream,Dairy & Eggs,No Name,500 ml,2.89,ea,REGULAR
20240520,3697,20126627_EA,20126627,Cocktail Glass 90Z,Home & Kitchen,No Name,50x50.0 ea,5.5,ea,REGULAR
20240520,3697,21540823_EA,21540823,Chewy Chocolate Chip Granola Bars,"Snacks, Chips & Candy",No Name,120 g,1.99,ea,REGULAR
20240520,3698,20996039_EA,20996039,"Roasted Peanuts, No Salt",Fruits & Vegetables,No Name,907 g,6.5,ea,REGULAR
20240520,3698,21379757_EA,21379757,Sweetened Apple Sauce,Not Available,No Name,620 ml,3.0,ea,REGULAR
20240520,3698,20872407_EA,20872407,Poultry Pan,Household Supplies,No Name,1 ea,2.0,ea,REGULAR
20240520,3698,21393587_EA,21393587,Medium Roast Coffee Pods,Drinks,No Name,114 g,6.79,ea,REGULAR
20240520,3698,20303890001_EA,20303890001,Refried Pinto Beans ,Not Available,No Name,398 ml,3.0,ea,REGULAR
20240520,3698,20870356_EA,20870356,"Pie Pans, Large",Household Supplies,No Name,1 ea,3.0,ea,REGULAR
20240520,3698,20304017_EA,20304017,Teriyaki Sauce,Not Available,No Name,350 ml,2.49,ea,REGULAR
20240520,3698,20795392_EA,20795392,Salted Tops Soda Crackers,"Snacks, Chips & Candy",No Name,454 g,3.29,ea,REGULAR
20240520,3698,20647009_EA,20647009,Sultana Raisins,Not Available,No Name,750 g,8.49,ea,REGULAR
20240520,3698,20181003_EA,20181003,All-Purpose Reusable Cloth,Household Supplies,No Name,10 ea,3.5,ea,REGULAR
20240520,3698,21406992_EA,21406992,Beach Umbrella,Not Available,No Name,1 ea,12.0,ea,SPECIAL
20240520,3698,20618890_EA,20618890,Clingstone Peach Slices in Light Syrup,Not Available,No Name,796 ml,3.49,ea,REGULAR
20240520,3698,20618890_EA,20618890,Clingstone Peach Slices in Light Syrup,Not Available,No Name,796 ml,3.49,ea,REGULAR
20240520,3698,20618044_EA,20618044,Nutmeg Ground,Not Available,No Name,125 g,2.49,ea,REGULAR
20240520,3698,21386782_EA,21386782,Fresh Scent Disinfectant Wipes,Household Supplies,No Name,35 ea,3.0,ea,REGULAR
20240520,3698,21084957_EA,21084957,Iced Tea Drink Boxes,Drinks,No Name,10x200.0 ml,3.0,ea,REGULAR
20240520,3698,20572093001_EA,20572093001,"Wafers, Cocoa","Snacks, Chips & Candy",No Name,175 g,1.79,ea,REGULAR
20240520,3698,21289951_EA,21289951,Pineapples pieces,Frozen,No Name,2 kg,14.0,ea,REGULAR
20240520,3698,20315613006_EA,20315613006,Penne Rigate Pasta,Not Available,No Name,900 g,2.0,ea,REGULAR
20240520,3698,20127455002_EA,20127455002,Slivered Almonds ,Not Available,No Name,100 g,2.79,ea,REGULAR
20240520,3715,21394636_EA,21394636,No Name To Go Tumbler - Yellow,Home & Kitchen,No Name,1 ea,5.0,ea,SPECIAL
20240520,3715,20183991003_EA,20183991003,Fat-Free Cottage Cheese,Dairy & Eggs,No Name,500 g,3.99,ea,REGULAR
20240520,3715,20628489002_EA,20628489002,Italian Dressing,Not Available,No Name,475 ml,2.49,ea,REGULAR
20240520,3715,20872407_EA,20872407,Poultry Pan,Household Supplies,No Name,1 ea,2.0,ea,REGULAR
20240520,3715,20325160001_EA,20325160001,Unsweetened Medium Coconut,Not Available,No Name,200 g,2.29,ea,REGULAR
20240520,3715,21097602_EA,21097602,Pineapple Tidbits in Pineapple Juice,Not Available,No Name,540 ml,1.79,ea,REGULAR
20240520,3715,20971992_EA,20971992,Lime Juice,Drinks,No Name,445 ml,2.49,ea,REGULAR
20240520,3715,20301274002_C24,20301274002,Instant Noodle Soup Beef Flavour,Not Available,No Name,24x85.0 g,5.99,ea,REGULAR
20240520,3715,21509829_EA,21509829,Hot Dog Buns,Bakery,No Name,516 g,2.5,ea,SPECIAL
20240520,3715,20316127_EA,20316127,Medium Cheddar Cheese,Dairy & Eggs,No Name,200 g,3.49,ea,REGULAR
20240520,3715,21406992_EA,21406992,Beach Umbrella,Not Available,No Name,1 ea,12.0,ea,SPECIAL
20240520,3715,20618367_EA,20618367,Ground Ginger,Not Available,No Name,100 g,2.49,ea,REGULAR
20240520,3715,20618367_EA,20618367,Ground Ginger,Not Available,No Name,100 g,2.49,ea,REGULAR
20240520,3715,20618823_EA,20618823,Fruit Cocktail in Light Syrup,Not Available,No Name,796 ml,3.49,ea,REGULAR
20240520,3715,21302946_EA,21302946,Salt & Vinegar Potato Chips,"Snacks, Chips & Candy",No Name,200 g,1.49,ea,REGULAR
20240520,3715,20702577_EA,20702577,Crispy Rice Marshmallow Squares,Not Available,No Name,528 g,6.99,ea,REGULAR
20240520,3715,21308570_EA,21308570,Wild Bird Seed Mix,Pet Supplies,No Name,8 kg,16.49,ea,REGULAR
20240520,3715,20320439005_EA,20320439005,Peach Drink,Drinks,No Name,2 l,2.0,ea,REGULAR
20240520,3715,21417123_EA,21417123,Large Kitchen Garbage Bags,Household Supplies,No Name,40 ea,5.49,ea,REGULAR
20240520,3715,20017493_EA,20017493,Whipped Topping ,Dairy & Eggs,No Name,225 g,3.69,ea,REGULAR
20240520,3717,20996039_EA,20996039,"Roasted Peanuts, No Salt",Fruits & Vegetables,No Name,907 g,6.5,ea,REGULAR
20240520,3717,20689486_EA,20689486,Fragrance-Free Dryer Sheets,Household Supplies,No Name,80 ea,3.99,ea,REGULAR
20240520,3717,20557334_EA,20557334,"All-Purpose Scouring Sponges, 2-Pack",Household Supplies,No Name,1 ea,2.0,ea,REGULAR
20240520,3717,20015818_EA,20015818,Pepperoni,Deli,No Name,500 g,6.0,ea,REGULAR
20240520,3717,20047430_EA,20047430,100% Pure Corn Oil,Not Available,No Name,946 ml,5.99,ea,REGULAR
20240520,3717,20325263_EA,20325263,Polskie Ogórki Dill Pickles,Not Available,No Name,1 l,3.29,ea,REGULAR
20240520,3717,20304191_EA,20304191,Cut Green Beans,Frozen,No Name,750 g,2.59,ea,REGULAR
20240520,3717,20053787_EA,20053787,Sweet Green Relish,Not Available,No Name,750 ml,3.49,ea,REGULAR
20240520,3717,20081753_EA,20081753,Regular Garbage Bags Club Size,Household Supplies,No Name,100 ea,14.99,ea,REGULAR
20240520,3717,21456014_EA,21456014,Dill Pickle Sour Cream Dip,Dairy & Eggs,No Name,250 g,3.19,ea,REGULAR
20240520,3717,21406992_EA,21406992,Beach Umbrella,Not Available,No Name,1 ea,9.0,ea,SPECIAL
20240520,3717,20618039_EA,20618039,Ground Thyme,Not Available,No Name,80 g,2.49,ea,REGULAR
20240520,3717,20618039_EA,20618039,Ground Thyme,Not Available,No Name,80 g,2.49,ea,REGULAR
20240520,3717,20323261_EA,20323261,Oven-ready Lasagna Pasta,Not Available,No Name,375 g,2.49,ea,REGULAR
20240520,3717,21285907001_EA,21285907001,Mini Cucumber,Fruits & Vegetables,No Name,680 g,3.0,ea,SPECIAL
20240520,3717,20318062002_EA,20318062002,Barbecue Blanched Peanuts,"Snacks, Chips & Candy",No Name,500 g,3.99,ea,REGULAR
20240520,3717,21124487001_EA,21124487001,Naturally Imperfect Lemons 3lb Bag,Fruits & Vegetables,No Name,1.36 kg,6.0,ea,SPECIAL
20240520,3717,20050959_EA,20050959,Maraschino Cherries With Syrup,Not Available,No Name,375 ml,4.49,ea,REGULAR
20240520,3717,20045046_EA,20045046,Charcoal Briquette,Home & Kitchen,No Name,1 ea,6.99,ea,SPECIAL
20240520,3717,20314839001_EA,20314839001,Maple-Style Beans ,Not Available,No Name,398 ml,0.99,ea,SPECIAL
20240520,3728,20047452_EA,20047452,No.2 Cone Coffee Filters,Not Available,No Name,100 ea,3.49,ea,REGULAR
20240520,3728,21097615_EA,21097615,Crushed Pineapple in Pineapple Juice,Not Available,No Name,540 ml,1.79,ea,REGULAR
20240520,3728,20180368002_EA,20180368002,Blueberry Waffles,Frozen,No Name,560 g,4.99,ea,REGULAR
20240520,3728,21507048_EA,21507048,"Bleach, Lemon Scent",Household Supplies,No Name,1.27 l,2.49,ea,REGULAR
20240520,3728,21466969_EA,21466969,Apple Cider Vinegar,Not Available,No Name,1 l,1.99,ea,REGULAR
20240520,3728,21097602_EA,21097602,Pineapple Tidbits in Pineapple Juice,Not Available,No Name,540 ml,1.79,ea,REGULAR
20240520,3728,20939699_EA,20939699,Plastic Cups 9Oz ( Pack Of 40),Home & Kitchen,No Name,1 ea,5.0,ea,REGULAR
20240520,3728,20022248_EA,20022248,All-Purpose Flour,Not Available,No Name,10 kg,11.99,ea,REGULAR
20240520,3728,20171693_EA,20171693,Whole Hearts Of Palm,Not Available,No Name,398 ml,3.49,ea,REGULAR
20240520,3728,20795391_EA,20795391,Plain Tops Soda Crackers,"Snacks, Chips & Candy",No Name,454 g,3.29,ea,REGULAR
20240520,3728,21406992_EA,21406992,Beach Umbrella,Not Available,No Name,1 ea,12.0,ea,SPECIAL
20240520,3728,21045311_EA,21045311,"Chicken Wings, Honey Garlic",Frozen,No Name,908 g,13.99,ea,REGULAR
20240520,3728,21045311_EA,21045311,"Chicken Wings, Honey Garlic",Frozen,No Name,908 g,13.99,ea,REGULAR
20240520,3728,20618044_EA,20618044,Nutmeg Ground,Not Available,No Name,125 g,2.49,ea,REGULAR
20240520,3728,21285907001_EA,21285907001,Mini Cucumber,Fruits & Vegetables,No Name,680 g,3.0,ea,SPECIAL
20240520,3728,20058865_EA,20058865,Salted Blanched Peanuts,"Snacks, Chips & Candy",No Name,2 kg,12.99,ea,REGULAR
20240520,3728,21309894_EA,21309894,Lemon Fresh Dishwashing Liquid ,Household Supplies,No Name,800 ml,2.29,ea,REGULAR
20240520,3728,21393583_EA,21393583,Medium Roast Decaffeinated Coffee Pods,Drinks,No Name,114 g,6.79,ea,REGULAR
20240520,3728,20174399_EA,20174399,"2-Ply Hypoallergenic Facial Tissues, 6 Boxes, 200 Sheets Each",Household Supplies,No Name,6x1.0 ea,10.99,ea,REGULAR
20240520,3728,20939699_EA,20939699,Plastic Cups 9Oz ( Pack Of 40),Home & Kitchen,No Name,1 ea,5.0,ea,REGULAR
20240520,3731,21406992_EA,21406992,Beach Umbrella,Not Available,No Name,1 ea,12.0,ea,REGULAR
20240520,3731,21406992_EA,21406992,Beach Umbrella,Not Available,No Name,1 ea,12.0,ea,REGULAR
20240520,3732,21012774_EA,21012774,"Lemon Fresh Dishwashing Liquid, Club Pack",Household Supplies,No Name,5 l,9.99,ea,REGULAR
20240520,3732,20683482_EA,20683482,Sweet & Zesty Tomato Chili Sauce,Not Available,No Name,455 ml,4.99,ea,REGULAR
20240520,3732,20869962_EA,20869962,Square Cake Pans with Lids,Household Supplies,No Name,1 ea,5.0,ea,REGULAR
20240520,3732,21124368001_EA,21124368001,Naturally Imperfect Limes,Fruits & Vegetables,No Name,907 g,6.0,ea,SPECIAL
20240520,3732,20617977_EA,20617977,Freeze-Dried Chives,Not Available,No Name,5.5 g,2.49,ea,REGULAR
20240520,3732,20148495_EA,20148495,Orange Juice Boxes,Drinks,No Name,10x200.0 ml,4.99,ea,REGULAR
20240520,3732,21406992_EA,21406992,Beach Umbrella,Not Available,No Name,1 ea,9.0,ea,SPECIAL
20240520,3732,21406992_EA,21406992,Beach Umbrella,Not Available,No Name,1 ea,9.0,ea,SPECIAL
20240520,3732,20092062_EA,20092062,Semi-Sweet Chocolate Chips,Not Available,No Name,1 kg,10.49,ea,REGULAR
20240520,3732,20033683_EA,20033683,Pure 100% Canadian Liquid Honey,Not Available,No Name,1 kg,8.99,ea,REGULAR
20240520,3732,20653408_EA,20653408,Bologna,Deli,No Name,750 g,9.0,ea,REGULAR
20240520,3732,20869961_EA,20869961,Cookie Sheets,Household Supplies,No Name,1 ea,3.5,ea,REGULAR
20240520,3732,20975887_EA,20975887,"Pizza Mozzarella Cheese, 28% MF",Dairy & Eggs,No Name,700 g,7.89,ea,REGULAR
20240520,3732,20896738_EA,20896738,Prune Nectar Unsweetened,Drinks,No Name,1.36 l,5.49,ea,REGULAR
20240520,3732,20975873_EA,20975873,Old Cheddar Cheese,Dairy & Eggs,No Name,700 g,7.89,ea,REGULAR
20240520,3732,20142195_EA,20142195,Dishwasher Rinse Agent,Household Supplies,No Name,250 ml,3.99,ea,REGULAR
20240520,3733,20996039_EA,20996039,"Roasted Peanuts, No Salt",Fruits & Vegetables,No Name,907 g,7.0,ea,REGULAR
20240520,3733,20310518_EA,20310518,Raspberry Jam with Pectin,Not Available,No Name,1 l,6.99,ea,REGULAR
20240520,3733,20788628_EA,20788628,Calorie-Free Sucralose Sweetener Packets,Not Available,No Name,100 ea,4.79,ea,REGULAR
20240520,3733,21393587_EA,21393587,Medium Roast Coffee Pods,Drinks,No Name,114 g,6.79,ea,REGULAR
20240520,3733,21302943_EA,21302943,Dill Pickle Potato Chips,"Snacks, Chips & Candy",No Name,200 g,1.49,ea,REGULAR
20240520,3733,20217879_EA,20217879,Strawberry Jam with Pectin,Not Available,No Name,1 l,6.99,ea,REGULAR
20240520,3733,21480144_EA,21480144,Naturally Imperfect Frozen Berry Blend,Frozen,No Name,2 kg,14.0,ea,REGULAR
20240520,3733,20426035_EA,20426035,Walnut Pieces,Not Available,No Name,400 g,8.49,ea,REGULAR
20240520,3733,21396647_EA,21396647,Worcestershire Sauce,Not Available,No Name,295 ml,2.49,ea,SPECIAL
20240520,3733,20845425_EA,20845425,Basmati Rice,Not Available,No Name,3.63 kg,12.49,ea,REGULAR
20240520,3733,21406992_EA,21406992,Beach Umbrella,Not Available,No Name,1 ea,12.0,ea,SPECIAL
20240520,3733,20618363_EA,20618363,Chili Powder,Not Available,No Name,150 g,2.49,ea,REGULAR
20240520,3733,20618363_EA,20618363,Chili Powder,Not Available,No Name,150 g,2.49,ea,REGULAR
20240520,3733,21375911_EA,21375911,Kitchen and Bathroom Cleaner,Household Supplies,No Name,650 ml,3.49,ea,REGULAR
20240520,3733,20079183_EA,20079183,"Artificial Vanilla Extract, Club Size",Not Available,No Name,1 l,8.99,ea,REGULAR
20240520,3733,20793444002_EA,20793444002,Ice Milk Neapolitan Club Size,Frozen,No Name,4 l,5.99,ea,REGULAR
20240520,3733,20701744_EA,20701744,"Club Pack Chicken Wings, Split",Frozen,No Name,2 kg,29.99,ea,REGULAR
20240520,3733,21393594_EA,21393594,Dark Roast Coffee Pods,Drinks,No Name,114 g,6.79,ea,REGULAR
20240520,3733,20307386001_EA,20307386001,Vermicelli,Not Available,No Name,500 g,1.49,ea,REGULAR
20240520,3733,21116660_EA,21116660,Regular Garbage Bags,Household Supplies,No Name,40 ea,8.99,ea,REGULAR
20240520,3740,21033161_EA,21033161,Naturally Imperfect Mango,Frozen,No Name,2 kg,14.0,ea,REGULAR
20240520,3740,21405449_EA,21405449,Scented Air Freshener Coconut Gel,Household Supplies,No Name,170 g,1.0,ea,REGULAR
20240520,3740,21220995_EA,21220995,Cheddar Flavour Processed Cheese Product Slices,Dairy & Eggs,No Name,400 g,3.99,ea,REGULAR
20240520,3740,20296029001_EA,20296029001,Balanced Nutrition Cat Food,Pet Supplies,No Name,4 kg,13.49,ea,REGULAR
20240520,3740,20120854_EA,20120854,All-Vegetable Shortening,Not Available,No Name,454 g,4.49,ea,REGULAR
20240520,3740,21406992_EA,21406992,Beach Umbrella,Not Available,No Name,1 ea,9.0,ea,SPECIAL
20240520,3740,21406992_EA,21406992,Beach Umbrella,Not Available,No Name,1 ea,9.0,ea,SPECIAL
20240520,3740,20618069_EA,20618069,Crushed Red Pepper ,Not Available,No Name,60 g,2.49,ea,REGULAR
20240520,3740,20296985002_EA,20296985002,Crunchy Peanut Butter,Not Available,No Name,1 kg,4.79,ea,REGULAR
20240520,3740,20189239_EA,20189239,Square Container 930ml,Home & Kitchen,No Name,6 ea,5.0,ea,REGULAR
20240520,3740,21455936_EA,21455936,Herb and Spice Sour Cream Dip,Dairy & Eggs,No Name,250 g,3.19,ea,REGULAR
20240520,3740,20301274002_EA,20301274002,Beef Flavour Instant Noodle Soup,Not Available,No Name,85 g,0.39,ea,REGULAR
20240520,3740,21509159_EA,21509159,Cracked Wheat Bread,Bakery,No Name,675 g,1.97,ea,REGULAR
20240520,3740,20127455001_EA,20127455001,Sliced Blanched Almonds ,Not Available,No Name,100 g,2.79,ea,REGULAR
20240520,3740,20056697_EA,20056697,Pure Tomato Paste,Not Available,No Name,369 ml,1.69,ea,REGULAR
20240520,3753,20325561_EA,20325561,Dill Chips Pickles ,Not Available,No Name,1 l,3.29,ea,REGULAR
20240520,3753,20325561_EA,20325561,Dill Chips Pickles ,Not Available,No Name,1 l,3.29,ea,REGULAR
20240520,3770,20996039_EA,20996039,"Roasted Peanuts, No Salt",Fruits & Vegetables,No Name,907 g,6.5,ea,REGULAR
20240520,3770,20606356_EA,20606356,Honey Graham Wafers,"Snacks, Chips & Candy",No Name,400 g,4.79,ea,REGULAR
20240520,3770,21289729_EA,21289729,"Old Cheddar Cheese, Light",Dairy & Eggs,No Name,400 g,5.99,ea,REGULAR
20240520,3770,21545095_EA,21545095,"Naturally Imperfect Strawberries, Banana, and Blueberries Fruit Blend",Frozen,No Name,400 g,3.0,ea,REGULAR
20240520,3770,21540823_EA,21540823,Chewy Chocolate Chip Granola Bars,"Snacks, Chips & Candy",No Name,120 g,1.99,ea,REGULAR
20240520,3770,20323762003_EA,20323762003,"Potato & Bacon Flavour Perogies, Club Size",Frozen,No Name,2 kg,4.99,ea,REGULAR
20240520,3770,20002786_EA,20002786,Original Hot Dogs,Meat,No Name,450 g,4.0,ea,REGULAR
20240520,3770,20868985001_EA,20868985001,"Imperfect Apples, 6 lb bag",Fruits & Vegetables,No Name,2.72 kg,7.0,ea,SPECIAL
20240520,3770,20426198_EA,20426198,Chopped Walnuts,Not Available,No Name,400 g,7.99,ea,REGULAR
20240520,3770,21406992_EA,21406992,Beach Umbrella,Not Available,No Name,1 ea,9.0,ea,SPECIAL
20240520,3770,21406992_EA,21406992,Beach Umbrella,Not Available,No Name,1 ea,9.0,ea,SPECIAL
20240520,3770,21315707_EA,21315707,Uncooked Stuffed Breaded Chicken Breast Cutlettes Parmesan,Frozen,No Name,284 g,4.79,ea,REGULAR
20240520,3770,21343191_EA,21343191,Blueberry Bagel,Bakery,No Name,450 g,1.97,ea,SPECIAL
20240520,3770,20252539_EA,20252539,Condensed Cream of Chicken Soup,Not Available,No Name,284 ml,1.49,ea,REGULAR
20240520,3770,20085165_EA,20085165,1% M.F. Fat Free Sour Cream ,Dairy & Eggs,No Name,500 ml,2.89,ea,REGULAR
20240520,3770,21361140_EA,21361140,Ready to Bake Garlic Toast,Not Available,No Name,638 g,3.5,ea,REGULAR
20240520,3770,20325921005_EA,20325921005,Black Beans,Not Available,No Name,540 ml,1.49,ea,REGULAR
20240520,3770,21541441_EA,21541441,"Thin Crust Pizza, Pepperoni",Frozen,No Name,350 g,3.5,ea,REGULAR
20240520,3770,20085278_EA,20085278,Household Cleanser With Bleach ,Household Supplies,No Name,400 g,1.0,ea,REGULAR
20240520,3771,20047452_EA,20047452,No.2 Cone Coffee Filters,Not Available,No Name,100 ea,3.49,ea,REGULAR
20240520,3771,21405449_EA,21405449,Scented Air Freshener Coconut Gel,Household Supplies,No Name,170 g,1.0,ea,REGULAR
20240520,3771,20872407_EA,20872407,Poultry Pan,Household Supplies,No Name,1 ea,2.0,ea,REGULAR
20240520,3771,21013432_EA,21013432,Vanilla Ice Cream Sandwiches,Frozen,No Name,24x120.0 ml,10.0,ea,REGULAR
20240520,3771,20318892001_EA,20318892001,Original Snack Crackers,"Snacks, Chips & Candy",No Name,225 g,2.29,ea,REGULAR
20240520,3771,20782771_EA,20782771,Lemonade,Drinks,No Name,1.75 l,2.99,ea,REGULAR
20240520,3771,20106122_EA,20106122,Long Grain Parboiled Rice,Not Available,No Name,8 kg,16.99,ea,REGULAR
20240520,3771,21358883_EA,21358883,Oxi-Burst Stain Remover,Household Supplies,No Name,1.36 kg,6.99,ea,REGULAR
20240520,3771,20868985001_EA,20868985001,"Imperfect Apples, 6 lb bag",Fruits & Vegetables,No Name,2.72 kg,7.0,ea,SPECIAL
20240520,3771,20325830_EA,20325830,"Latex Rubber Gloves, Medium",Household Supplies,No Name,1 ea,2.0,ea,REGULAR
20240520,3771,21406992_EA,21406992,Beach Umbrella,Not Available,No Name,1 ea,9.0,ea,SPECIAL
20240520,3771,20628585001_EA,20628585001,Clingstone Peach Slices in Juice From Concentrate,Not Available,No Name,398 ml,1.99,ea,REGULAR
20240520,3771,20628585001_EA,20628585001,Clingstone Peach Slices in Juice From Concentrate,Not Available,No Name,398 ml,1.99,ea,REGULAR
20240520,3771,20132840_EA,20132840,Thyme Leaves,Not Available,No Name,45 g,2.49,ea,REGULAR
20240520,3771,20015478_EA,20015478,Disposable Cleaning Gloves,Household Supplies,No Name,25 ea,3.5,ea,REGULAR
20240520,3771,21545101_EA,21545101,"Naturally Imperfect Pineapple, Banana, and Mango Fruit Blend",Frozen,No Name,400 g,3.0,ea,REGULAR
20240520,3771,20182879_EA,20182879,Ground Black Pepper,Not Available,No Name,540 g,12.99,ea,REGULAR
20240520,3771,20024022_EA,20024022,5L Streak-Free Glass Cleaner ,Household Supplies,No Name,5 l,9.99,ea,REGULAR
20240520,3771,21120000_EA,21120000,"Aluminum Foil, Club Pack",Household Supplies,No Name,1 ea,21.99,ea,REGULAR
20240520,3771,20310718_EA,20310718,Coffee Whitener,Dairy & Eggs,No Name,450 g,3.49,ea,SPECIAL
20240520,3775,20896777001_EA,20896777001,Naturally Imperfect Apples 8lb Bag,Fruits & Vegetables,No Name,3.6 kg,9.0,ea,REGULAR
20240520,3775,20896777001_EA,20896777001,Naturally Imperfect Apples 8lb Bag,Fruits & Vegetables,No Name,3.6 kg,9.0,ea,REGULAR
20240520,3779,21124368001_EA,21124368001,Naturally Imperfect Limes,Fruits & Vegetables,No Name,907 g,6.0,ea,REGULAR
20240520,3779,21124368001_EA,21124368001,Naturally Imperfect Limes,Fruits & Vegetables,No Name,907 g,6.0,ea,REGULAR
20240520,3786,20996039_EA,20996039,"Roasted Peanuts, No Salt",Fruits & Vegetables,No Name,907 g,6.5,ea,REGULAR
20240520,3786,20426318_EA,20426318,Walnut Pieces Club Size,Not Available,No Name,1 kg,16.99,ea,REGULAR
20240520,3786,21289729_EA,21289729,"Old Cheddar Cheese, Light",Dairy & Eggs,No Name,400 g,5.99,ea,REGULAR
20240520,3786,20628489002_EA,20628489002,Italian Dressing,Not Available,No Name,475 ml,2.49,ea,REGULAR
20240520,3786,20642581_EA,20642581,Lemon Juice,Drinks,No Name,946 ml,2.29,ea,REGULAR
20240520,3786,20773658_EA,20773658,Pig Ears Dog Treats,Pet Supplies,No Name,12 ea,19.99,ea,REGULAR
20240520,3786,20177169002_EA,20177169002,Scoopable Unscented Clumping Cat Litter with Baking Soda,Not Available,No Name,18 kg,9.99,ea,REGULAR
20240520,3786,20304191_EA,20304191,Cut Green Beans,Frozen,No Name,750 g,2.59,ea,REGULAR
20240520,3786,20866351_EA,20866351,"Cake Pans, 13x9 """,Household Supplies,No Name,1 ea,4.0,ea,REGULAR
20240520,3786,21406992_EA,21406992,Beach Umbrella,Not Available,No Name,1 ea,9.0,ea,SPECIAL
20240520,3786,21406992_EA,21406992,Beach Umbrella,Not Available,No Name,1 ea,9.0,ea,SPECIAL
20240520,3786,20618772_EA,20618772,Curry Powder,Not Available,No Name,125 g,2.49,ea,REGULAR
20240520,3786,20618824_EA,20618824,Clingstone Peach Slices in Juice from Concentrate,Not Available,No Name,796 ml,3.49,ea,REGULAR
20240520,3786,20539203_EA,20539203,Lemon Scent Dishwasher Detergent ,Household Supplies,No Name,1.8 kg,5.99,ea,REGULAR
20240520,3786,21042475_EA,21042475,Oxi-Burst Dirt Release Detergent ,Household Supplies,No Name,1.92 l,4.99,ea,REGULAR
20240520,3786,21393583_EA,21393583,Medium Roast Decaffeinated Coffee Pods,Drinks,No Name,114 g,6.79,ea,REGULAR
20240520,3786,21393594_EA,21393594,Dark Roast Coffee Pods,Drinks,No Name,114 g,6.79,ea,REGULAR
20240520,3786,20078092_EA,20078092,Cornbread Hot Dogs,Frozen,No Name,1.5 kg,13.99,ea,REGULAR
20240520,3786,21480144_EA,21480144,Naturally Imperfect Frozen Berry Blend,Frozen,No Name,2 kg,14.0,ea,REGULAR
20240520,3787,21394636_EA,21394636,No Name To Go Tumbler - Yellow,Home & Kitchen,No Name,1 ea,5.0,ea,SPECIAL
20240520,3787,21518845_EA,21518845,Paper Luncheon Plates 40 Pack,Not Available,No Name,40 ea,5.5,ea,REGULAR
20240520,3787,20774062_C01,20774062,Medium Roast Coffee Pods Club Size,Drinks,No Name,100 ea,32.99,ea,REGULAR
20240520,3787,20052738_EA,20052738,Plum Sauce,Not Available,No Name,750 ml,3.49,ea,REGULAR
20240520,3787,20325160001_EA,20325160001,Unsweetened Medium Coconut,Not Available,No Name,200 g,2.29,ea,REGULAR
20240520,3787,20552134002_EA,20552134002,Concentrated Fruit Punch,Frozen,No Name,283 ml,1.39,ea,REGULAR
20240520,3787,20090793_EA,20090793,Garlic Sausage Coil,Deli,No Name,750 g,10.0,ea,REGULAR
20240520,3787,20127455002_EA,20127455002,Slivered Almonds ,Not Available,No Name,100 g,2.79,ea,REGULAR
20240520,3787,21297831_EA,21297831,Everything Bagels,Bakery,No Name,510 g,1.97,ea,SPECIAL
20240520,3787,20148495_EA,20148495,Orange Juice Boxes,Drinks,No Name,10x200.0 ml,5.29,ea,REGULAR
20240520,3787,20031065002_EA,20031065002,Ice Pops,Frozen,No Name,30x75.0 ml,6.29,ea,REGULAR
20240520,3787,20618775_EA,20618775,Black Peppercorns,Not Available,No Name,125 g,2.49,ea,REGULAR
20240520,3787,21406992_EA,21406992,Beach Umbrella,Not Available,No Name,1 ea,12.0,ea,SPECIAL
20240520,3787,21406992_EA,21406992,Beach Umbrella,Not Available,No Name,1 ea,12.0,ea,SPECIAL
20240520,3787,20923840_EA,20923840,"100% Whole Grain Large Flake Oats, Club Pack",Not Available,No Name,2.25 kg,6.49,ea,REGULAR
20240520,3787,20015478_EA,20015478,Disposable Cleaning Gloves,Household Supplies,No Name,25 ea,3.5,ea,REGULAR
20240520,3787,20572093002_EA,20572093002,Hazelnut Crème-Filled Wafers,"Snacks, Chips & Candy",No Name,175 g,1.79,ea,REGULAR
20240520,3787,20038043_EA,20038043,Apple Juice Boxes,Drinks,No Name,10x200.0 ml,3.0,ea,REGULAR
20240520,3787,20628489003_EA,20628489003,Ranch Dressing,Not Available,No Name,475 ml,2.49,ea,REGULAR
20240520,3787,20153259_EA,20153259,Pie Shells,Dairy & Eggs,No Name,350 g,3.99,ea,REGULAR
20240520,3787,21295287_EA,21295287,"Twist and Lock, 3-pack",Home & Kitchen,No Name,3 ea,5.0,ea,REGULAR
20240520,3789,20047452_EA,20047452,No.2 Cone Coffee Filters,Not Available,No Name,100 ea,3.49,ea,REGULAR
20240520,3789,20689486_EA,20689486,Fragrance-Free Dryer Sheets,Household Supplies,No Name,80 ea,3.99,ea,REGULAR
20240520,3789,21289729_EA,21289729,"Old Cheddar Cheese, Light",Dairy & Eggs,No Name,400 g,5.99,ea,REGULAR
20240520,3789,20788628_EA,20788628,Calorie-Free Sucralose Sweetener Packets,Not Available,No Name,100 ea,4.79,ea,REGULAR
20240520,3789,21376440_EA,21376440,Camomile Herbal Tea,Drinks,No Name,24 g,2.99,ea,REGULAR
20240520,3789,21297831_EA,21297831,Everything Bagels,Bakery,No Name,510 g,1.97,ea,SPECIAL
20240520,3789,20013437002_EA,20013437002,"Baking Cups, Giant White, 50-Pack",Household Supplies,No Name,1 ea,2.0,ea,REGULAR
20240520,3789,20139927_EA,20139927,Pine Nuts,Not Available,No Name,100 g,7.99,ea,REGULAR
20240520,3789,20322093001_EA,20322093001,Original Waffles,Frozen,No Name,1680 g,12.49,ea,REGULAR
20240520,3789,21406992_EA,21406992,Beach Umbrella,Not Available,No Name,1 ea,9.0,ea,SPECIAL
20240520,3789,21406992_EA,21406992,Beach Umbrella,Not Available,No Name,1 ea,9.0,ea,SPECIAL
20240520,3789,20618890_EA,20618890,Clingstone Peach Slices in Light Syrup,Not Available,No Name,796 ml,3.49,ea,REGULAR
20240520,3789,21040543_EA,21040543,2% Evaporated Partly Skimmed Milk,Drinks,No Name,354 ml,1.99,ea,REGULAR
20240520,3789,20052479_EA,20052479,Quick-Tie Tall Kitchen Garbage Bags,Household Supplies,No Name,30 ea,5.49,ea,REGULAR
20240520,3789,21360360_EA,21360360,Condensed Soup Cream Of Celery,Not Available,No Name,284 ml,1.49,ea,REGULAR
20240520,3789,20870356_EA,20870356,"Pie Pans, Large",Household Supplies,No Name,1 ea,3.0,ea,REGULAR
20240520,3789,21096223_EA,21096223,Caesar Croutons,Not Available,No Name,145 g,2.0,ea,SPECIAL
20240520,3789,20045046_EA,20045046,Charcoal Briquette,Home & Kitchen,No Name,1 ea,6.99,ea,SPECIAL
20240520,3789,20090793_EA,20090793,Garlic Sausage Coil,Deli,No Name,750 g,10.0,ea,REGULAR
20240520,3801,21033161_EA,21033161,Naturally Imperfect Mango,Frozen,No Name,2 kg,14.0,ea,REGULAR
20240520,3801,21120002_EA,21120002,Plastic Wrap ,Household Supplies,No Name,1 ea,3.99,ea,REGULAR
20240520,3801,21213760_EA,21213760,Graham Cracker Pie Crust,Not Available,No Name,170 g,2.29,ea,REGULAR
20240520,3801,21396647_EA,21396647,Worcestershire Sauce,Not Available,No Name,295 ml,2.49,ea,REGULAR
20240520,3801,20782771_EA,20782771,Lemonade,Drinks,No Name,1.75 l,2.99,ea,REGULAR
20240520,3801,21563294_EA,21563294,Canola Oil Cooking Spray,Not Available,No Name,170 g,2.79,ea,REGULAR
20240520,3801,20079578_EA,20079578,Mushrooms Pieces & Stems,Not Available,No Name,284 ml,1.29,ea,REGULAR
20240520,3801,21406992_EA,21406992,Beach Umbrella,Not Available,No Name,1 ea,9.0,ea,SPECIAL
20240520,3801,21406992_EA,21406992,Beach Umbrella,Not Available,No Name,1 ea,9.0,ea,SPECIAL
20240520,3801,20618857_EA,20618857,Peaches & Mandarins in Juice from Concentrate,Not Available,No Name,796 ml,3.49,ea,REGULAR
20240520,3801,21289751_EA,21289751,Old Cheddar Cheese,Dairy & Eggs,No Name,400 g,5.99,ea,REGULAR
20240520,3801,20299886003_EA,20299886003,Garlic Pasta Sauce,Not Available,No Name,680 ml,1.79,ea,REGULAR
20240520,3801,20647362_EA,20647362,Pitted Prunes,Not Available,No Name,375 g,6.79,ea,REGULAR
20240520,3801,21376451_EA,21376451,Peppermint Herbal Tea,Drinks,No Name,36 g,2.99,ea,REGULAR
20240520,3801,21375900_EA,21375900,Parchment Paper 50m,Household Supplies,No Name,1 ea,11.99,ea,REGULAR
20240520,3801,21038770_EA,21038770,Diced Onions,Frozen,No Name,750 g,2.59,ea,REGULAR
20240520,3801,20142195_EA,20142195,Dishwasher Rinse Agent,Household Supplies,No Name,250 ml,3.99,ea,REGULAR
20240520,3807,20996039_EA,20996039,"Roasted Peanuts, No Salt",Fruits & Vegetables,No Name,907 g,7.0,ea,REGULAR
20240520,3807,20055519_EA,20055519,2% Cottage Cheese,Dairy & Eggs,No Name,1 kg,6.49,ea,REGULAR
20240520,3807,20309769_EA,20309769,Shredded Cheddar & Monterey Jack Cheese Blend,Dairy & Eggs,No Name,900 g,14.99,ea,REGULAR
20240520,3807,21120004_EA,21120004,Quick-Tie Regular Multi-purpose Clear Bags,Household Supplies,No Name,40 ea,8.99,ea,REGULAR
20240520,3807,20148493001_EA,20148493001,Whole White Potatoes,Not Available,No Name,540 ml,1.49,ea,REGULAR
20240520,3807,20304017_EA,20304017,Teriyaki Sauce,Not Available,No Name,350 ml,2.49,ea,REGULAR
20240520,3807,20845247_EA,20845247,"Cheese, Pizza Mozzarella",Dairy & Eggs,No Name,2.4 kg,29.99,ea,REGULAR
20240520,3807,20311578001_EA,20311578001,Multi-Coloured Mini Marshmallows,Not Available,No Name,400 g,2.5,ea,SPECIAL
20240520,3807,21406992_EA,21406992,Beach Umbrella,Not Available,No Name,1 ea,9.0,ea,SPECIAL
20240520,3807,21406992_EA,21406992,Beach Umbrella,Not Available,No Name,1 ea,9.0,ea,SPECIAL
20240520,3807,21045668_EA,21045668,Buffalo Chicken Wings,Frozen,No Name,908 g,12.99,ea,REGULAR
20240520,3807,20024033_EA,20024033,Disinfectant Toilet Bowl Cleaner,Household Supplies,No Name,710 ml,3.0,ea,REGULAR
20240520,3807,20079183_EA,20079183,"Artificial Vanilla Extract, Club Size",Not Available,No Name,1 l,8.99,ea,REGULAR
20240520,3807,21302932_EA,21302932,Ketchup Potato Chips,"Snacks, Chips & Candy",No Name,200 g,1.49,ea,REGULAR
20240520,3807,20189239_EA,20189239,Square Container 930ml,Home & Kitchen,No Name,6 ea,5.0,ea,REGULAR
20240520,3807,21082795_EA,21082795,Shredded Nacho Cheese Blend,Dairy & Eggs,No Name,320 g,5.49,ea,REGULAR
20240520,3807,21013899_EA,21013899,Chopped Garlic,Not Available,No Name,1 kg,6.99,ea,REGULAR
20240520,3807,20096157_EA,20096157,Extra Large Clear Multi Purpose Bags,Household Supplies,No Name,50 ea,15.99,ea,REGULAR
20240520,3811,20996039_EA,20996039,"Roasted Peanuts, No Salt",Fruits & Vegetables,No Name,907 g,7.0,ea,REGULAR
20240520,3811,21509597_EA,21509597,100% Whole Wheat Bread,Bakery,No Name,520 g,1.99,ea,REGULAR
20240520,3811,20079526_EA,20079526,Sour Cream,Dairy & Eggs,No Name,1 l,5.29,ea,REGULAR
20240520,3811,21384149_EA,21384149,Paper Dinner Plates 40 Pack,Home & Kitchen,No Name,40 ea,6.0,ea,SPECIAL
20240520,3811,21431223_EA,21431223,Dinner Roll Whole Wheat,Bakery,No Name,420 g,2.99,ea,REGULAR
20240520,3811,20010388_EA,20010388,100% Pure Corn Oil,Not Available,No Name,3 l,12.99,ea,REGULAR
20240520,3811,20628590001_EA,20628590001,Chunky Mixed Fruit in Juice From Concentrate,Not Available,No Name,796 ml,3.49,ea,REGULAR
20240520,3811,21406992_EA,21406992,Beach Umbrella,Not Available,No Name,1 ea,9.0,ea,SPECIAL
20240520,3811,21406992_EA,21406992,Beach Umbrella,Not Available,No Name,1 ea,9.0,ea,SPECIAL
20240520,3811,20617720_EA,20617720,Basil Leaves,Not Available,No Name,40 g,2.49,ea,REGULAR
20240520,3811,20521648_EA,20521648,Flaked Light Tuna,Not Available,No Name,170 g,1.29,ea,REGULAR
20240520,3811,21457728_EA,21457728,Prepared Yellow Mustard,Not Available,No Name,550 ml,1.89,ea,REGULAR
20240520,3811,20628489003_EA,20628489003,Ranch Dressing,Not Available,No Name,475 ml,2.79,ea,REGULAR
20240520,3811,20296985001_EA,20296985001,Smooth Peanut Butter,Not Available,No Name,1 kg,4.89,ea,REGULAR
20240520,3811,21207721_EA,21207721,All Purpose Disinfectant Cleaner with Bleach ,Household Supplies,No Name,650 ml,2.99,ea,REGULAR
20240520,3811,20323233_EA,20323233,Honey Graham Crumbs,Not Available,No Name,400 g,4.49,ea,REGULAR
20240520,3811,20648048_EA,20648048,Thompson Seedless Raisins,Not Available,No Name,750 g,8.49,ea,REGULAR
20240520,3814,20303325_EA,20303325,Whole Wheat Flour,Not Available,No Name,2.5 kg,3.99,ea,REGULAR
20240520,3814,20870337_EA,20870337,Round Storage Containers with Lids,Household Supplies,No Name,3 ea,5.0,ea,REGULAR
20240520,3814,20870530_EA,20870530,"Pie Plates, 8""",Household Supplies,No Name,1 ea,3.5,ea,REGULAR
20240520,3814,21396647_EA,21396647,Worcestershire Sauce,Not Available,No Name,295 ml,2.49,ea,REGULAR
20240520,3814,20129484_EA,20129484,Pure Lard,Not Available,No Name,454 g,4.49,ea,REGULAR
20240520,3814,20161576_EA,20161576,"Lemon Scent Dirt Release Powder Laundry Detergent, Club Pack",Household Supplies,No Name,14.5 kg,23.99,ea,REGULAR
20240520,3814,21168783_EA,21168783,Oven Liners,Household Supplies,No Name,1 ea,5.0,ea,REGULAR
20240520,3814,21406992_EA,21406992,Beach Umbrella,Not Available,No Name,1 ea,9.0,ea,SPECIAL
20240520,3814,21406992_EA,21406992,Beach Umbrella,Not Available,No Name,1 ea,9.0,ea,SPECIAL
20240520,3814,20617953_EA,20617953,Bay Leaves,Not Available,No Name,20 g,2.49,ea,REGULAR
20240520,3814,21315345_EA,21315345,Fresh Scent Dirt Release Laundry Detergent,Household Supplies,No Name,4 kg,11.99,ea,REGULAR
20240520,3814,21106011_EA,21106011,Kosher Salt,Not Available,No Name,1.36 kg,3.0,ea,SPECIAL
20240520,3814,20632363_EA,20632363,Assorted Sizes Peas,Not Available,No Name,284 ml,1.49,ea,REGULAR
20240520,3814,20058865_EA,20058865,Salted Blanched Peanuts,"Snacks, Chips & Candy",No Name,2 kg,11.99,ea,REGULAR
20240520,3814,21375900_EA,21375900,Parchment Paper 50m,Household Supplies,No Name,1 ea,11.99,ea,REGULAR
20240520,3814,21217967_EA,21217967,"Bagel Everything, 6-Pack",Bakery,No Name,480 g,2.49,ea,SPECIAL
20240520,3814,21348616_EA,21348616,Spicy Barbecue Potato Chips ,"Snacks, Chips & Candy",No Name,200 g,1.49,ea,REGULAR
20240520,3907,20047452_EA,20047452,No.2 Cone Coffee Filters,Not Available,No Name,100 ea,3.49,ea,REGULAR
20240520,3907,20331973_EA,20331973,Farmer's Marble Cheese ,Dairy & Eggs,No Name,200 g,3.49,ea,REGULAR
20240520,3907,20628489002_EA,20628489002,Italian Dressing,Not Available,No Name,475 ml,2.49,ea,REGULAR
20240520,3907,21099689_EA,21099689,Onion Recipe and Soup Mix,Not Available,No Name,56 g,1.49,ea,REGULAR
20240520,3907,20315613005_EA,20315613005,Small Shells Pasta,Not Available,No Name,900 g,2.0,ea,REGULAR
20240520,3907,20303822_EA,20303822,Whole Kernel Crisp Corn,Not Available,No Name,341 ml,1.29,ea,REGULAR
20240520,3907,20180393_EA,20180393,Resealable Sandwich Bags,Household Supplies,No Name,100 ea,3.5,ea,REGULAR
20240520,3907,20742858_EA,20742858,Old Cheddar Cheese Slices ,Dairy & Eggs,No Name,210 g,4.5,ea,REGULAR
20240520,3907,20768660_EA,20768660,100% Pure Vegetable Oil,Not Available,No Name,946 ml,4.99,ea,REGULAR
20240520,3907,20307812_EA,20307812,Sliced Manzanilla Olives,Not Available,No Name,375 ml,1.99,ea,REGULAR
20240520,3907,20296029001_EA,20296029001,Balanced Nutrition Cat Food,Pet Supplies,No Name,4 kg,13.49,ea,REGULAR
20240520,3907,21045313_EA,21045313,"Chicken Wings, Mild BBQ",Frozen,No Name,908 g,13.99,ea,REGULAR
20240520,3907,21406992_EA,21406992,Beach Umbrella,Not Available,No Name,1 ea,9.0,ea,SPECIAL
20240520,3907,21406992_EA,21406992,Beach Umbrella,Not Available,No Name,1 ea,9.0,ea,SPECIAL
20240520,3907,20618044_EA,20618044,Nutmeg Ground,Not Available,No Name,125 g,2.49,ea,REGULAR
20240520,3907,21208436_EA,21208436,Lemon Furniture Polish,Household Supplies,No Name,275 g,4.99,ea,REGULAR
20240520,3907,20869951_EA,20869951,Giant Oval Roaster with Handle,Household Supplies,No Name,1 ea,5.0,ea,REGULAR
20240520,3907,20088698002_EA,20088698002,Mild Salsa ,Not Available,No Name,430 ml,3.79,ea,REGULAR
20240520,3907,20161597_EA,20161597,Capers,Not Available,No Name,100 ml,2.5,ea,REGULAR
20240520,3907,20297188005_EA,20297188005,Onion Rice Crackers,"Snacks, Chips & Candy",No Name,100 g,1.49,ea,REGULAR
20240520,3907,21035629_EA,21035629,Light Original Cream Cheese Product,Dairy & Eggs,No Name,227 g,3.0,ea,REGULAR
20240520,3915,21394636_EA,21394636,No Name To Go Tumbler - Yellow,Home & Kitchen,No Name,1 ea,5.0,ea,SPECIAL
20240520,3915,20331973_EA,20331973,Farmer's Marble Cheese ,Dairy & Eggs,No Name,200 g,3.49,ea,REGULAR
20240520,3915,20180368002_EA,20180368002,Blueberry Waffles,Frozen,No Name,560 g,4.99,ea,REGULAR
20240520,3915,20158935_EA,20158935,Sweet and Tender Small Peas,Not Available,No Name,284 ml,1.49,ea,REGULAR
20240520,3915,20144001_EA,20144001,Large Drawstring Garbage Bags,Household Supplies,No Name,20 ea,6.99,ea,REGULAR
20240520,3915,20162036_EA,20162036,Yellow Mustard,Not Available,No Name,400 ml,1.29,ea,REGULAR
20240520,3915,20012070001_EA,20012070001,Oxy-Burst Multi-Purpose Stain Remover,Household Supplies,No Name,680 g,3.99,ea,REGULAR
20240520,3915,21384159_EA,21384159,Paper Luncheon Plates Club Size  ,Home & Kitchen,No Name,125 ea,14.5,ea,REGULAR
20240520,3915,21379757_EA,21379757,Sweetened Apple Sauce,Not Available,No Name,620 ml,3.0,ea,REGULAR
20240520,3915,20316133_EA,20316133,Caramel Coconut Cookies,"Snacks, Chips & Candy",No Name,198 g,3.0,ea,SPECIAL
20240520,3915,20181003_EA,20181003,All-Purpose Reusable Cloth,Household Supplies,No Name,10 ea,3.5,ea,REGULAR
20240520,3915,21122661_EA,21122661,Southern Fried-Style Coating Mix ,Not Available,No Name,142 g,3.0,ea,REGULAR
20240520,3915,21406992_EA,21406992,Beach Umbrella,Not Available,No Name,1 ea,12.0,ea,SPECIAL
20240520,3915,21406992_EA,21406992,Beach Umbrella,Not Available,No Name,1 ea,12.0,ea,SPECIAL
20240520,3915,20734141_EA,20734141,Knackwurst Smoked Sausages,Meat,No Name,900 g,6.99,ea,SPECIAL
20240520,3915,21208436_EA,21208436,Lemon Furniture Polish,Household Supplies,No Name,275 g,4.99,ea,REGULAR
20240520,3915,21161826_EA,21161826,"Round 10 Piece Meal PreContainer, Blue",Home & Kitchen,No Name,1 ea,5.0,ea,REGULAR
20240520,3915,20050959_EA,20050959,Maraschino Cherries With Syrup,Not Available,No Name,375 ml,4.49,ea,REGULAR
20240520,3915,20001100_EA,20001100,100% Canadian Pure Liquid Honey,Not Available,No Name,375 g,5.29,ea,REGULAR
20240520,3915,20833357_EA,20833357,1% M.F. Cottage Cheese,Dairy & Eggs,No Name,750 g,5.29,ea,REGULAR
20240520,3915,20964652_EA,20964652,"Bathroom Tissue, 12 Rolls",Household Supplies,No Name,12 ea,5.0,ea,REGULAR
20240520,3916,21394636_EA,21394636,No Name To Go Tumbler - Yellow,Home & Kitchen,No Name,1 ea,5.0,ea,SPECIAL
20240520,3916,21405449_EA,21405449,Scented Air Freshener Coconut Gel,Household Supplies,No Name,170 g,1.0,ea,REGULAR
20240520,3916,20425980_EA,20425980,Pecan Halves,Not Available,No Name,400 g,11.49,ea,REGULAR
20240520,3916,20813936001_EA,20813936001,Grade A Large Brown Eggs,Dairy & Eggs,No Name,12 eggs,6.08,ea,REGULAR
20240520,3916,20303890001_EA,20303890001,Refried Pinto Beans ,Not Available,No Name,398 ml,3.0,ea,REGULAR
20240520,3916,21218696_EA,21218696,Streak-Free Glass Cleaner ,Household Supplies,No Name,765 ml,2.0,ea,REGULAR
20240520,3916,20322093002_EA,20322093002,Blueberry Waffles,Frozen,No Name,1680 g,12.49,ea,REGULAR
20240520,3916,20054575_EA,20054575,Elbow Macaroni Pasta,Not Available,No Name,2 kg,4.0,ea,REGULAR
20240520,3916,20628489004_EA,20628489004,French Dressing,Not Available,No Name,475 ml,2.49,ea,REGULAR
20240520,3916,21013106_EA,21013106,Chocolatey Chip Ice Cream Sandwiches,Frozen,No Name,24x120.0 ml,10.0,ea,REGULAR
20240520,3916,21406992_EA,21406992,Beach Umbrella,Not Available,No Name,1 ea,12.0,ea,SPECIAL
20240520,3916,21045311_EA,21045311,"Chicken Wings, Honey Garlic",Frozen,No Name,908 g,13.99,ea,REGULAR
20240520,3916,21045311_EA,21045311,"Chicken Wings, Honey Garlic",Frozen,No Name,908 g,13.99,ea,REGULAR
20240520,3916,20132840_EA,20132840,Thyme Leaves,Not Available,No Name,45 g,2.49,ea,REGULAR
20240520,3916,20252539_EA,20252539,Condensed Cream of Chicken Soup,Not Available,No Name,284 ml,1.49,ea,REGULAR
20240520,3916,21360360_EA,21360360,Condensed Soup Cream Of Celery,Not Available,No Name,284 ml,1.49,ea,REGULAR
20240520,3916,20303626_EA,20303626,Fudge-Striped Shortbread Cookies,"Snacks, Chips & Candy",No Name,368 g,3.0,ea,SPECIAL
20240520,3916,20430176_EA,20430176,Artificial Vanilla Extract,Not Available,No Name,125 ml,2.99,ea,REGULAR
20240520,3916,21417123_EA,21417123,Large Kitchen Garbage Bags,Household Supplies,No Name,40 ea,5.49,ea,REGULAR
20240520,3916,21308570_EA,21308570,Wild Bird Seed Mix,Pet Supplies,No Name,8 kg,16.49,ea,REGULAR
20240520,3922,21124368001_EA,21124368001,Naturally Imperfect Limes,Fruits & Vegetables,No Name,907 g,6.0,ea,REGULAR
20240520,3922,21124368001_EA,21124368001,Naturally Imperfect Limes,Fruits & Vegetables,No Name,907 g,6.0,ea,REGULAR
20240520,3924,20047452_EA,20047452,No.2 Cone Coffee Filters,Not Available,No Name,100 ea,3.49,ea,REGULAR
20240520,3924,20870360_EA,20870360,Storage Containers 20cm x 14cm x 5cm,Household Supplies,No Name,1 ea,5.5,ea,REGULAR
20240520,3924,20628489002_EA,20628489002,Italian Dressing,Not Available,No Name,475 ml,2.49,ea,REGULAR
20240520,3924,21099689_EA,21099689,Onion Recipe and Soup Mix,Not Available,No Name,56 g,1.49,ea,REGULAR
20240520,3924,20339076_EA,20339076,Original Trail Mix,"Snacks, Chips & Candy",No Name,1 kg,10.99,ea,REGULAR
20240520,3924,20322093002_EA,20322093002,Blueberry Waffles,Frozen,No Name,1680 g,12.49,ea,REGULAR
20240520,3924,20128123_EA,20128123,Miniature Cobs of Corn,Not Available,No Name,398 ml,1.79,ea,REGULAR
20240520,3924,21376451_EA,21376451,Peppermint Herbal Tea,Drinks,No Name,36 g,2.99,ea,REGULAR
20240520,3924,20580726_EA,20580726,Dark Chocolate Bar,"Snacks, Chips & Candy",No Name,100 g,1.19,ea,REGULAR
20240520,3924,21291286_EA,21291286,Microwave Butter Flavour Popcorn,"Snacks, Chips & Candy",No Name,492 g,3.49,ea,REGULAR
20240520,3924,20132489_EA,20132489,75% Vegetable Oil Margarine,Dairy & Eggs,No Name,454 g,2.79,ea,REGULAR
20240520,3924,20891403_EA,20891403,Stuffed Chicken with Jalapeno & Cheese,Frozen,No Name,284 g,4.79,ea,REGULAR
20240520,3924,21406992_EA,21406992,Beach Umbrella,Not Available,No Name,1 ea,12.0,ea,SPECIAL
20240520,3924,21406992_EA,21406992,Beach Umbrella,Not Available,No Name,1 ea,12.0,ea,SPECIAL
20240520,3924,20734371_EA,20734371,Original Smoked Sausages,Meat,No Name,900 g,6.99,ea,SPECIAL
20240520,3924,20010471_EA,20010471,Red Wine Vinegar,Not Available,No Name,500 ml,1.69,ea,REGULAR
20240520,3924,20161396_EA,20161396,"Peas & Carrots, Club Size",Frozen,No Name,2 kg,6.29,ea,REGULAR
20240520,3924,21464491_EA,21464491,"Paper Straws, 50 Straws",Not Available,No Name,50 ea,1.5,ea,REGULAR
20240520,3924,20040005_EA,20040005,Shrimp Flavour Instant Noodle Soup,Not Available,No Name,85 g,0.39,ea,REGULAR
20240520,3924,20326314001_EA,20326314001,Diced Clingstone Peaches in Light Syrup,"Snacks, Chips & Candy",No Name,4x107.0 ml,2.29,ea,REGULAR
20240520,3924,20870521_EA,20870521,"All-Purpose Pan with Lid, Giant Size",Household Supplies,No Name,1 ea,6.0,ea,REGULAR
20240520,3925,20047452_EA,20047452,No.2 Cone Coffee Filters,Not Available,No Name,100 ea,3.49,ea,REGULAR
20240520,3925,20869964_EA,20869964,Loaf Pans with Lids,Household Supplies,No Name,2 ea,3.5,ea,REGULAR
20240520,3925,20552134003_EA,20552134003,Concentrated Grape Punch,Frozen,No Name,283 ml,1.39,ea,REGULAR
20240520,3925,20158935_EA,20158935,Sweet and Tender Small Peas,Not Available,No Name,284 ml,1.49,ea,REGULAR
20240520,3925,21466969_EA,21466969,Apple Cider Vinegar,Not Available,No Name,1 l,1.99,ea,REGULAR
20240520,3925,21455993_EA,21455993,Everything Bagel Seasoning Sour Cream Dip,Dairy & Eggs,No Name,250 g,3.19,ea,REGULAR
20240520,3925,20013437002_EA,20013437002,"Baking Cups, Giant White, 50-Pack",Household Supplies,No Name,1 ea,2.0,ea,REGULAR
20240520,3925,20096157_EA,20096157,Extra Large Clear Multi Purpose Bags,Household Supplies,No Name,50 ea,15.99,ea,REGULAR
20240520,3925,20426035_EA,20426035,Walnut Pieces,Not Available,No Name,400 g,7.99,ea,REGULAR
20240520,3925,20305854_EA,20305854,Old Cheddar Cheese,Dairy & Eggs,No Name,200 g,3.49,ea,REGULAR
20240520,3925,21221009_EA,21221009,Cheddar Flavour Processed Cheese Product Thick Slices,Dairy & Eggs,No Name,400 g,3.99,ea,REGULAR
20240520,3925,20891403_EA,20891403,Stuffed Chicken with Jalapeno & Cheese,Frozen,No Name,284 g,4.79,ea,REGULAR
20240520,3925,21406992_EA,21406992,Beach Umbrella,Not Available,No Name,1 ea,9.0,ea,SPECIAL
20240520,3925,21406992_EA,21406992,Beach Umbrella,Not Available,No Name,1 ea,9.0,ea,SPECIAL
20240520,3925,20923840_EA,20923840,"100% Whole Grain Large Flake Oats, Club Pack",Not Available,No Name,2.25 kg,6.49,ea,REGULAR
20240520,3925,20033683_EA,20033683,Pure 100% Canadian Liquid Honey,Not Available,No Name,1 kg,8.99,ea,REGULAR
20240520,3925,21084957_EA,21084957,Iced Tea Drink Boxes,Drinks,No Name,10x200.0 ml,3.0,ea,REGULAR
20240520,3925,20315613007_EA,20315613007,Fettuccine Pasta,Not Available,No Name,900 g,2.0,ea,REGULAR
20240520,3925,20058865_EA,20058865,Salted Blanched Peanuts,"Snacks, Chips & Candy",No Name,2 kg,12.99,ea,REGULAR
20240520,3925,20130996_EA,20130996,Wine Sauerkraut,Not Available,No Name,1 l,5.99,ea,REGULAR
20240520,3925,21375912_EA,21375912,Multi-Purpose Stain Remover ,Household Supplies,No Name,651 ml,3.99,ea,REGULAR
20240520,3931,20179276_EA,20179276,No.4 Cone Coffee Filters,Not Available,No Name,100 ea,3.49,ea,REGULAR
20240520,3931,20312337002_EA,20312337002,Beef Bouillon Concentrate,Not Available,No Name,500 ml,7.29,ea,REGULAR
20240520,3931,20036631_EA,20036631,"Ground Cinnamon, Club Size",Not Available,No Name,560 g,7.99,ea,REGULAR
20240520,3931,20081753_EA,20081753,Regular Garbage Bags Club Size,Household Supplies,No Name,100 ea,14.99,ea,REGULAR
20240520,3931,20298441001_EA,20298441001,Light Marble Cheddar Cheese,Dairy & Eggs,No Name,200 g,3.49,ea,REGULAR
20240520,3931,20811199_EA,20811199,"Perogies, Potato and Bacon Flavour",Frozen,No Name,907 g,2.29,ea,REGULAR
20240520,3931,20742858_EA,20742858,Old Cheddar Cheese Slices ,Dairy & Eggs,No Name,210 g,4.5,ea,REGULAR
20240520,3931,20628489004_EA,20628489004,French Dressing,Not Available,No Name,475 ml,2.49,ea,REGULAR
20240520,3931,20311578001_EA,20311578001,Multi-Coloured Mini Marshmallows,Not Available,No Name,400 g,2.5,ea,SPECIAL
20240520,3931,21406992_EA,21406992,Beach Umbrella,Not Available,No Name,1 ea,12.0,ea,SPECIAL
20240520,3931,21406992_EA,21406992,Beach Umbrella,Not Available,No Name,1 ea,12.0,ea,SPECIAL
20240520,3931,20618033_EA,20618033,Ground Cumin,Not Available,No Name,97 g,2.49,ea,REGULAR
20240520,3931,20323261_EA,20323261,Oven-ready Lasagna Pasta,Not Available,No Name,375 g,2.49,ea,REGULAR
20240520,3931,21425516_EA,21425516,Drawstring Tall 42.5 L Blue Recycling Kitchen Bags,Household Supplies,No Name,30 ea,7.99,ea,REGULAR
20240520,3931,21417127_EA,21417127,Quick-tie Garbage Bags Extra Large,Household Supplies,No Name,30 ea,9.99,ea,REGULAR
20240520,3931,21124487001_EA,21124487001,Naturally Imperfect Lemons 3lb Bag,Fruits & Vegetables,No Name,1.36 kg,6.0,ea,SPECIAL
20240520,3931,21289951_EA,21289951,Pineapples pieces,Frozen,No Name,2 kg,14.0,ea,REGULAR
20240520,3931,21289734_EA,21289734,Marble Cheddar Cheese Light,Dairy & Eggs,No Name,400 g,5.99,ea,REGULAR
20240520,3931,20925950_EA,20925950,Automatic Toilet Bowl Cleaner,Household Supplies,No Name,2x48.0 g,3.0,ea,REGULAR
20240520,3933,21394636_EA,21394636,No Name To Go Tumbler - Yellow,Home & Kitchen,No Name,1 ea,5.0,ea,SPECIAL
20240520,3933,20869964_EA,20869964,Loaf Pans with Lids,Household Supplies,No Name,2 ea,3.5,ea,REGULAR
20240520,3933,20119954_EA,20119954,Sweet Gherkins Pickles ,Not Available,No Name,375 ml,3.0,ea,REGULAR
20240520,3933,20119954_EA,20119954,Sweet Gherkins Pickles ,Not Available,No Name,375 ml,3.0,ea,REGULAR
20240520,3933,21158728_EA,21158728,Reusable Grocery Tote Bag,Home & Kitchen,No Name,1 ea,2.0,ea,REGULAR
20240520,3933,21035629_EA,21035629,Light Original Cream Cheese Product,Dairy & Eggs,No Name,227 g,3.0,ea,REGULAR
20240520,3933,20301246003_EA,20301246003,Shrimp Flavour Instant Noodle Soup,Not Available,No Name,65 g,0.99,ea,REGULAR
20240520,3933,20323473001_EA,20323473001,Honey Garlic Sauce,Not Available,No Name,350 ml,2.49,ea,REGULAR
20240520,3933,20005237_EA,20005237,Whole Kernel Corn,Not Available,No Name,341 ml,1.29,ea,REGULAR
20240520,3933,20946414_EA,20946414,Regular Potato Crisps,"Snacks, Chips & Candy",No Name,150 g,1.69,ea,REGULAR
20240520,3933,21406992_EA,21406992,Beach Umbrella,Not Available,No Name,1 ea,12.0,ea,SPECIAL
20240520,3933,20618367_EA,20618367,Ground Ginger,Not Available,No Name,100 g,2.49,ea,REGULAR
20240520,3933,20618367_EA,20618367,Ground Ginger,Not Available,No Name,100 g,2.49,ea,REGULAR
20240520,3933,20132840_EA,20132840,Thyme Leaves,Not Available,No Name,45 g,2.49,ea,REGULAR
20240520,3933,20252539_EA,20252539,Condensed Cream of Chicken Soup,Not Available,No Name,284 ml,1.49,ea,REGULAR
20240520,3933,21084957_EA,21084957,Iced Tea Drink Boxes,Drinks,No Name,10x200.0 ml,3.0,ea,REGULAR
20240520,3933,20182879_EA,20182879,Ground Black Pepper,Not Available,No Name,540 g,12.99,ea,REGULAR
20240520,3933,20632363_EA,20632363,Assorted Sizes Peas,Not Available,No Name,284 ml,1.49,ea,REGULAR
20240520,3933,20081306_EA,20081306,Condensed Vegetable Soup,Not Available,No Name,284 ml,0.99,ea,SPECIAL
20240520,3933,20964652_EA,20964652,"Bathroom Tissue, 12 Rolls",Household Supplies,No Name,12 ea,5.0,ea,REGULAR
20240520,3936,20996039_EA,20996039,"Roasted Peanuts, No Salt",Fruits & Vegetables,No Name,907 g,6.5,ea,REGULAR
20240520,3936,20865974001_EA,20865974001,Mozzarella Cheese Slices,Dairy & Eggs,No Name,1.38 kg,19.99,ea,REGULAR
20240520,3936,20305292_EA,20305292,Cream-Style Corn,Not Available,No Name,398 ml,1.29,ea,REGULAR
20240520,3936,21078863_EA,21078863,Strawberry Turnovers,"Snacks, Chips & Candy",No Name,300 g,2.99,ea,REGULAR
20240520,3936,20316375005_EA,20316375005,Chocolate Chips Waffles,Frozen,No Name,280 g,2.5,ea,REGULAR
20240520,3936,20647525_EA,20647525,Sweetened Dried Cranberries ,Not Available,No Name,750 g,8.99,ea,REGULAR
20240520,3936,21283326_EA,21283326,Cookies & Cream Ice Cream Sandwiches ,Frozen,No Name,24x120.0 ml,10.0,ea,REGULAR
20240520,3936,20322093001_EA,20322093001,Original Waffles,Frozen,No Name,1680 g,12.49,ea,REGULAR
20240520,3936,21406992_EA,21406992,Beach Umbrella,Not Available,No Name,1 ea,9.0,ea,SPECIAL
20240520,3936,21406992_EA,21406992,Beach Umbrella,Not Available,No Name,1 ea,9.0,ea,SPECIAL
20240520,3936,20618363_EA,20618363,Chili Powder,Not Available,No Name,150 g,2.49,ea,REGULAR
20240520,3936,20298374_EA,20298374,Large Zipper Freezer Bags,Household Supplies,No Name,30 ea,5.99,ea,REGULAR
20240520,3936,21389815_EA,21389815,Extra Thick Cut Bacon,Meat,No Name,1 kg,11.0,ea,REGULAR
20240520,3936,21030561_EA,21030561,Pepperoni Pizzas,Frozen,No Name,1660 g,12.99,ea,REGULAR
20240520,3936,20572093002_EA,20572093002,Hazelnut Crème-Filled Wafers,"Snacks, Chips & Candy",No Name,175 g,1.79,ea,REGULAR
20240520,3936,20001100_EA,20001100,100% Canadian Pure Liquid Honey,Not Available,No Name,375 g,5.29,ea,REGULAR
20240520,3936,20322987_EA,20322987,5% M.F. Light Sour Cream,Dairy & Eggs,No Name,500 ml,2.89,ea,REGULAR
20240520,3936,20725291_EA,20725291,Floral Scented Dry Sweeping Refills ,Household Supplies,No Name,16 ea,5.0,ea,REGULAR
20240520,3940,21394636_EA,21394636,No Name To Go Tumbler - Yellow,Home & Kitchen,No Name,1 ea,5.0,ea,REGULAR
20240520,3940,21425519_EA,21425519,"Kitchen Garbage Bags Quick-Tie Regular 21 L, 100 Bags",Household Supplies,No Name,100 ea,9.99,ea,REGULAR
20240520,3940,20552134003_EA,20552134003,Concentrated Grape Punch,Frozen,No Name,283 ml,1.59,ea,REGULAR
20240520,3940,21384145_EA,21384145,Paper Luncheon Plates 40 Pack,Home & Kitchen,No Name,40 ea,5.0,ea,SPECIAL
20240520,3940,21119993_EA,21119993,Aluminum Foil Heavy-Duty 25',Household Supplies,No Name,1 ea,4.99,ea,REGULAR
20240520,3940,20162036_EA,20162036,Yellow Mustard,Not Available,No Name,400 ml,1.29,ea,REGULAR
20240520,3940,20027829_EA,20027829,Steel Wool Soap Pads,Household Supplies,No Name,18 ea,3.99,ea,REGULAR
20240520,3940,20914314_EA,20914314,Large Baking Cups,Household Supplies,No Name,1 ea,2.0,ea,REGULAR
20240520,3940,20034427_EA,20034427,100% Canadian Pure Creamed Honey,Not Available,No Name,500 g,5.99,ea,REGULAR
20240520,3940,20338236_EA,20338236,Celebration Trail Mix,"Snacks, Chips & Candy",No Name,1 kg,10.99,ea,REGULAR
20240520,3940,20058286_EA,20058286,"Plastic Wrap, 30m",Household Supplies,No Name,1 ea,2.79,ea,REGULAR
20240520,3940,20618890_EA,20618890,Clingstone Peach Slices in Light Syrup,Not Available,No Name,796 ml,3.49,ea,REGULAR
20240520,3940,21406992_EA,21406992,Beach Umbrella,Not Available,No Name,1 ea,9.0,ea,SPECIAL
20240520,3940,21406992_EA,21406992,Beach Umbrella,Not Available,No Name,1 ea,9.0,ea,SPECIAL
20240520,3940,20618823_EA,20618823,Fruit Cocktail in Light Syrup,Not Available,No Name,796 ml,3.49,ea,REGULAR
20240520,3940,20861912_EA,20861912,"Rectangular Roaster, Large",Household Supplies,No Name,1 ea,4.0,ea,REGULAR
20240520,3940,20058865_EA,20058865,Salted Blanched Peanuts,"Snacks, Chips & Candy",No Name,2 kg,13.49,ea,REGULAR
20240520,3940,20295818_EA,20295818,Peas and Carrots,Frozen,No Name,750 g,2.59,ea,REGULAR
20240520,3940,20556200_EA,20556200,Heavy-Duty & All-Purpose Mixed Scouring Sponges,Household Supplies,No Name,9 ea,4.0,ea,REGULAR
20240520,3940,20026331_EA,20026331,Soup Mix Chicken Noodle,Not Available,No Name,4x83.0 g,2.29,ea,REGULAR
20240520,3940,20702394_EA,20702394,"Club Pack Chicken Breasts, Boneless Skinless",Frozen,No Name,2 kg,44.99,ea,REGULAR
20240520,3942,21394636_EA,21394636,No Name To Go Tumbler - Yellow,Home & Kitchen,No Name,1 ea,5.0,ea,REGULAR
20240520,3942,21425519_EA,21425519,"Kitchen Garbage Bags Quick-Tie Regular 21 L, 100 Bags",Household Supplies,No Name,100 ea,9.99,ea,REGULAR
20240520,3942,20325921004_EA,20325921004,Lentils,Not Available,No Name,540 ml,1.49,ea,REGULAR
20240520,3942,21180324_EA,21180324,Apple Cider Vinegar Club Size,Not Available,No Name,4 l,4.99,ea,REGULAR
20240520,3942,20325160001_EA,20325160001,Unsweetened Medium Coconut,Not Available,No Name,200 g,2.29,ea,REGULAR
20240520,3942,20782771_EA,20782771,Lemonade,Drinks,No Name,1.75 l,2.99,ea,REGULAR
20240520,3942,20162036_EA,20162036,Yellow Mustard,Not Available,No Name,400 ml,1.29,ea,REGULAR
20240520,3942,20925950_EA,20925950,Automatic Toilet Bowl Cleaner,Household Supplies,No Name,2x48.0 g,3.0,ea,REGULAR
20240520,3942,20321193001_EA,20321193001,Rotini Pasta,Not Available,No Name,500 g,1.49,ea,REGULAR
20240520,3942,21509829_EA,21509829,Hot Dog Buns,Bakery,No Name,516 g,2.5,ea,SPECIAL
20240520,3942,20640153_EA,20640153,Pepperoni,Deli,No Name,1 kg,12.0,ea,REGULAR
20240520,3942,20923786_EA,20923786,"Quick 100% Whole Grain Oats, Club Size",Not Available,No Name,2.25 kg,6.49,ea,REGULAR
20240520,3942,21406992_EA,21406992,Beach Umbrella,Not Available,No Name,1 ea,9.0,ea,SPECIAL
20240520,3942,21406992_EA,21406992,Beach Umbrella,Not Available,No Name,1 ea,9.0,ea,SPECIAL
20240520,3942,20734141_EA,20734141,Knackwurst Smoked Sausages,Meat,No Name,900 g,10.0,ea,REGULAR
20240520,3942,20148493002_EA,20148493002,Sliced White Potatoes,Not Available,No Name,540 ml,1.49,ea,REGULAR
20240520,3942,20106862_EA,20106862,Balanced Nutrition For Dogs,Pet Supplies,No Name,2 kg,7.99,ea,REGULAR
20240520,3942,21302943_EA,21302943,Dill Pickle Potato Chips,"Snacks, Chips & Candy",No Name,200 g,1.49,ea,REGULAR
20240520,3942,20963919_EA,20963919,"Bathroom Tissue, 4 Rolls",Household Supplies,No Name,4 ea,2.0,ea,REGULAR
20240520,3942,20316375001_EA,20316375001,Original Waffles ,Frozen,No Name,280 g,2.5,ea,REGULAR
20240520,3942,21351315_EA,21351315,Cooler Bag,Home & Kitchen,No Name,1 ea,10.0,ea,SPECIAL
20240520,3944,20996039_EA,20996039,"Roasted Peanuts, No Salt",Fruits & Vegetables,No Name,907 g,7.0,ea,REGULAR
20240520,3944,20141395_EA,20141395,Extra Virgin Olive Oil Club Size,Not Available,No Name,3 l,45.99,ea,REGULAR
20240520,3944,20872407_EA,20872407,Poultry Pan,Household Supplies,No Name,1 ea,2.0,ea,REGULAR
20240520,3944,20081753_EA,20081753,Regular Garbage Bags Club Size,Household Supplies,No Name,100 ea,15.99,ea,REGULAR
20240520,3944,20301191002_EA,20301191002,Whole Leaf Spinach,Frozen,No Name,300 g,1.79,ea,REGULAR
20240520,3944,20155529_EA,20155529,Antibacterial Cellulose Sponges,Household Supplies,No Name,4 ea,3.0,ea,REGULAR
20240520,3944,20010388_EA,20010388,100% Pure Corn Oil,Not Available,No Name,3 l,12.99,ea,REGULAR
20240520,3944,21360075_EA,21360075,Chicken Broth Condensed,Not Available,No Name,284 ml,1.49,ea,REGULAR
20240520,3944,21384171_EA,21384171,Paper Dinner Plates Club Size  ,Home & Kitchen,No Name,125 ea,20.5,ea,REGULAR
20240520,3944,21406992_EA,21406992,Beach Umbrella,Not Available,No Name,1 ea,9.0,ea,SPECIAL
20240520,3944,21406992_EA,21406992,Beach Umbrella,Not Available,No Name,1 ea,9.0,ea,SPECIAL
20240520,3944,20617720_EA,20617720,Basil Leaves,Not Available,No Name,40 g,2.49,ea,REGULAR
20240520,3944,21375911_EA,21375911,Kitchen and Bathroom Cleaner,Household Supplies,No Name,650 ml,3.49,ea,REGULAR
20240520,3944,20805031_EA,20805031,Match Book,Home & Kitchen,No Name,1 ea,2.0,ea,REGULAR
20240520,3944,20314839005_EA,20314839005,Slow-Cooked Beans In Tomato Sauce,Not Available,No Name,398 ml,0.99,ea,SPECIAL
20240520,3944,20626625_EA,20626625,Ukrainian Style Garlic Sausage,Deli,No Name,300 g,6.0,ea,REGULAR
20240520,3944,21302932_EA,21302932,Ketchup Potato Chips,"Snacks, Chips & Candy",No Name,200 g,1.49,ea,REGULAR
20240520,3944,20045046_EA,20045046,Charcoal Briquette,Home & Kitchen,No Name,1 ea,6.99,ea,SPECIAL
20240520,3944,21480144_EA,21480144,Naturally Imperfect Frozen Berry Blend,Frozen,No Name,2 kg,14.0,ea,REGULAR
20240520,3945,21480144_EA,21480144,Naturally Imperfect Frozen Berry Blend,Frozen,No Name,2 kg,14.0,ea,REGULAR
20240520,3946,20047452_EA,20047452,No.2 Cone Coffee Filters,Not Available,No Name,100 ea,3.49,ea,REGULAR
20240520,3946,20870360_EA,20870360,Storage Containers 20cm x 14cm x 5cm,Household Supplies,No Name,1 ea,5.5,ea,REGULAR
20240520,3946,20628489002_EA,20628489002,Italian Dressing,Not Available,No Name,475 ml,2.79,ea,REGULAR
20240520,3946,20158935_EA,20158935,Sweet and Tender Small Peas,Not Available,No Name,284 ml,1.49,ea,REGULAR
20240520,3946,20325160001_EA,20325160001,Unsweetened Medium Coconut,Not Available,No Name,200 g,2.29,ea,REGULAR
20240520,3946,20314839003_EA,20314839003,Beans in Tomato Sauce,Not Available,No Name,398 ml,0.99,ea,SPECIAL
20240520,3946,20051787_EA,20051787,Apple Cider Vinegar,Not Available,No Name,500 ml,1.49,ea,REGULAR
20240520,3946,20647402_EA,20647402,Dried Apricots ,Not Available,No Name,500 g,9.99,ea,REGULAR
20240520,3946,20426318_EA,20426318,Walnut Pieces Club Size,Not Available,No Name,1 kg,17.99,ea,REGULAR
20240520,3946,20075199001_EA,20075199001,Fruit Bowl Variety Pack,"Snacks, Chips & Candy",No Name,16x107.0 ml,9.99,ea,REGULAR
20240520,3946,20181003_EA,20181003,All-Purpose Reusable Cloth,Household Supplies,No Name,10 ea,3.5,ea,REGULAR
20240520,3946,20618890_EA,20618890,Clingstone Peach Slices in Light Syrup,Not Available,No Name,796 ml,3.49,ea,REGULAR
20240520,3946,21406992_EA,21406992,Beach Umbrella,Not Available,No Name,1 ea,9.0,ea,SPECIAL
20240520,3946,21406992_EA,21406992,Beach Umbrella,Not Available,No Name,1 ea,9.0,ea,SPECIAL
20240520,3946,20618079_EA,20618079,Onion Salt,Not Available,No Name,200 g,2.49,ea,REGULAR
20240520,3946,20861912_EA,20861912,"Rectangular Roaster, Large",Household Supplies,No Name,1 ea,4.0,ea,REGULAR
20240520,3946,20702577_EA,20702577,Crispy Rice Marshmallow Squares,Not Available,No Name,528 g,6.99,ea,REGULAR
20240520,3946,20148493003_EA,20148493003,Diced White Potatoes,Not Available,No Name,540 ml,1.49,ea,REGULAR
20240520,3946,20161597_EA,20161597,Capers,Not Available,No Name,100 ml,2.5,ea,REGULAR
20240520,3946,20975887_EA,20975887,"Pizza Mozzarella Cheese, 28% MF",Dairy & Eggs,No Name,700 g,7.89,ea,REGULAR
20240520,3946,21448475_EA,21448475,Fully Cooked Real Bacon Bits,Not Available,No Name,567 g,17.49,ea,REGULAR
20240520,3947,20047452_EA,20047452,No.2 Cone Coffee Filters,Not Available,No Name,100 ea,3.49,ea,REGULAR
20240520,3947,20870337_EA,20870337,Round Storage Containers with Lids,Household Supplies,No Name,3 ea,5.0,ea,REGULAR
20240520,3947,20552134003_EA,20552134003,Concentrated Grape Punch,Frozen,No Name,283 ml,1.59,ea,REGULAR
20240520,3947,20618086_EA,20618086,Ground Black Pepper,Not Available,No Name,150 g,2.49,ea,REGULAR
20240520,3947,21060319_EA,21060319,Shredded Part Skimmed Mozzarella,Dairy & Eggs,No Name,320 g,5.49,ea,REGULAR
20240520,3947,20311281_EA,20311281,Apple Juice,Drinks,No Name,1.75 l,2.99,ea,REGULAR
20240520,3947,20742893_EA,20742893,Swiss Cheese Slices,Dairy & Eggs,No Name,210 g,4.5,ea,REGULAR
20240520,3947,21119986_EA,21119986,Aluminum Foil 25ft,Household Supplies,No Name,1 ea,2.5,ea,REGULAR
20240520,3947,20307131001_EA,20307131001,Sweetened Shredded Coconut,Not Available,No Name,200 g,2.29,ea,REGULAR
20240520,3947,21291288_EA,21291288,Microwave Butter Flavour Popcorn,"Snacks, Chips & Candy",No Name,247 g,2.79,ea,REGULAR
20240520,3947,21406992_EA,21406992,Beach Umbrella,Not Available,No Name,1 ea,9.0,ea,SPECIAL
20240520,3947,21045311_EA,21045311,"Chicken Wings, Honey Garlic",Frozen,No Name,908 g,12.99,ea,REGULAR
20240520,3947,21045311_EA,21045311,"Chicken Wings, Honey Garlic",Frozen,No Name,908 g,12.99,ea,REGULAR
20240520,3947,20618934_EA,20618934,Pear Halves in Fruit Juice from Concentrate,Not Available,No Name,398 ml,1.99,ea,REGULAR
20240520,3947,20033683_EA,20033683,Pure 100% Canadian Liquid Honey,Not Available,No Name,1 kg,8.99,ea,REGULAR
20240520,3947,20029218_EA,20029218,"3-Flavour Mix Dry Cat Food, Chicken, Turkey & Seafood",Pet Supplies,No Name,8 kg,20.99,ea,REGULAR
20240520,3947,20301663_EA,20301663,Condensed Chicken Noodle Soup,Not Available,No Name,284 ml,0.99,ea,SPECIAL
20240520,3947,20556200_EA,20556200,Heavy-Duty & All-Purpose Mixed Scouring Sponges,Household Supplies,No Name,9 ea,4.0,ea,REGULAR
20240520,3947,20793444003_EA,20793444003,Vanilla Ice Milk,Frozen,No Name,4 l,5.99,ea,REGULAR
20240520,3947,20310718_EA,20310718,Coffee Whitener,Dairy & Eggs,No Name,450 g,3.49,ea,SPECIAL
20240520,3948,20047452_EA,20047452,No.2 Cone Coffee Filters,Not Available,No Name,100 ea,3.49,ea,REGULAR
20240520,3948,20869964_EA,20869964,Loaf Pans with Lids,Household Supplies,No Name,2 ea,3.5,ea,REGULAR
20240520,3948,20774062_C01,20774062,Medium Roast Coffee Pods Club Size,Drinks,No Name,100 ea,32.99,ea,REGULAR
20240520,3948,20153670_EA,20153670,Canola Oil,Not Available,No Name,16 l,39.99,ea,REGULAR
20240520,3948,21158728_EA,21158728,Reusable Grocery Tote Bag,Home & Kitchen,No Name,1 ea,2.0,ea,REGULAR
20240520,3948,20120683_EA,20120683,Tomato Sauce    ,Not Available,No Name,680 ml,1.79,ea,REGULAR
20240520,3948,20301246003_EA,20301246003,Shrimp Flavour Instant Noodle Soup,Not Available,No Name,65 g,0.99,ea,REGULAR
20240520,3948,21036106_EA,21036106,Cream Cheese Spread ,Dairy & Eggs,No Name,227 g,3.0,ea,REGULAR
20240520,3948,20047715_EA,20047715,100% Extra Virgin Olive Oil,Not Available,No Name,750 ml,11.99,ea,REGULAR
20240520,3948,20031065002_EA,20031065002,Ice Pops,Frozen,No Name,30x75.0 ml,6.29,ea,REGULAR
20240520,3948,21406992_EA,21406992,Beach Umbrella,Not Available,No Name,1 ea,9.0,ea,SPECIAL
20240520,3948,20628585001_EA,20628585001,Clingstone Peach Slices in Juice From Concentrate,Not Available,No Name,398 ml,1.99,ea,REGULAR
20240520,3948,20628585001_EA,20628585001,Clingstone Peach Slices in Juice From Concentrate,Not Available,No Name,398 ml,1.99,ea,REGULAR
20240520,3948,20618044_EA,20618044,Nutmeg Ground,Not Available,No Name,125 g,2.49,ea,REGULAR
20240520,3948,21200684_EA,21200684,Shredded Farmer's Marble Cheese,Dairy & Eggs,No Name,320 g,5.49,ea,REGULAR
20240520,3948,20702577_EA,20702577,Crispy Rice Marshmallow Squares,Not Available,No Name,528 g,6.99,ea,REGULAR
20240520,3948,20647401_EA,20647401,Thompson Seedless Raisins  ,Not Available,No Name,375 g,4.79,ea,REGULAR
20240520,3948,20628489003_EA,20628489003,Ranch Dressing,Not Available,No Name,475 ml,2.79,ea,REGULAR
20240520,3948,20126627_EA,20126627,Cocktail Glass 90Z,Home & Kitchen,No Name,50x50.0 ea,5.5,ea,REGULAR
20240520,3948,21431243_EA,21431243,Dinner Roll,Bakery,No Name,420 g,2.99,ea,REGULAR
20240520,3968,20179276_EA,20179276,No.4 Cone Coffee Filters,Not Available,No Name,100 ea,3.49,ea,REGULAR
20240520,3968,20078866_EA,20078866,Black Peppercorns,Not Available,No Name,575 g,16.99,ea,REGULAR
20240520,3968,20101572001_EA,20101572001,"Naturally Imperfect Russet Potatoes, 20 lb Bag",Fruits & Vegetables,No Name,9.07 kg,9.0,ea,SPECIAL
20240520,3968,20109368_EA,20109368,Balanced Nutrition For Dogs,Pet Supplies,No Name,16 kg,29.99,ea,REGULAR
20240520,3968,20347400001_EA,20347400001,Vanilla Ice Milk Bars,Frozen,No Name,30x60.0 ml,10.0,ea,REGULAR
20240520,3968,21097602_EA,21097602,Pineapple Tidbits in Pineapple Juice,Not Available,No Name,540 ml,1.79,ea,REGULAR
20240520,3968,20105565_EA,20105565,Unsweetened Pineapple Juice,Drinks,No Name,1.36 l,3.99,ea,REGULAR
20240520,3968,21168783_EA,21168783,Oven Liners,Household Supplies,No Name,1 ea,5.0,ea,REGULAR
20240520,3968,21406992_EA,21406992,Beach Umbrella,Not Available,No Name,1 ea,9.0,ea,SPECIAL
20240520,3968,21406992_EA,21406992,Beach Umbrella,Not Available,No Name,1 ea,9.0,ea,SPECIAL
20240520,3968,20317706_EA,20317706,Assorted Sizes Cut Wax Beans,Not Available,No Name,398 ml,1.29,ea,REGULAR
20240520,3968,20304672001_EA,20304672001,Large Marshmallows,Not Available,No Name,400 g,2.5,ea,SPECIAL
20240520,3968,20648026_EA,20648026,Sultana Raisins,Not Available,No Name,375 g,4.79,ea,REGULAR
20240520,3968,21037550_EA,21037550,Scented Dual Action Odour Control Scoopable Clumping Cat Litter ,Not Available,No Name,7 kg,9.99,ea,REGULAR
20240520,3968,20114725_EA,20114725,Garlic Powder Club Size,Not Available,No Name,700 g,7.99,ea,REGULAR
20240520,3968,20301191002_EA,20301191002,Whole Leaf Spinach,Frozen,No Name,300 g,1.79,ea,REGULAR
20240520,3968,20870641_EA,20870641,Freezer Containers with Lids,Household Supplies,No Name,1 ea,5.0,ea,REGULAR
20240520,3968,20183991002_EA,20183991002,"Cottage Cheese, 2% M.F.",Dairy & Eggs,No Name,500 g,3.89,ea,REGULAR
20240520,3969,21394636_EA,21394636,No Name To Go Tumbler - Yellow,Home & Kitchen,No Name,1 ea,5.0,ea,REGULAR
20240520,3969,20139927_EA,20139927,Pine Nuts,Not Available,No Name,100 g,7.99,ea,REGULAR
20240520,3969,20628489002_EA,20628489002,Italian Dressing,Not Available,No Name,475 ml,2.79,ea,REGULAR
20240520,3969,20813936001_EA,20813936001,Grade A Large Brown Eggs,Dairy & Eggs,No Name,12 eggs,6.08,ea,REGULAR
20240520,3969,20325160001_EA,20325160001,Unsweetened Medium Coconut,Not Available,No Name,200 g,2.29,ea,REGULAR
20240520,3969,21545097_EA,21545097,Naturally Imperfect Cultivated Blueberries,Frozen,No Name,300 g,3.0,ea,REGULAR
20240520,3969,20189849_EA,20189849,"Pepperoni, Sliced",Deli,No Name,500 g,5.0,ea,REGULAR
20240520,3969,20161576_EA,20161576,"Lemon Scent Dirt Release Powder Laundry Detergent, Club Pack",Household Supplies,No Name,14.5 kg,23.99,ea,REGULAR
20240520,3969,20312337002_EA,20312337002,Beef Bouillon Concentrate,Not Available,No Name,500 ml,6.99,ea,REGULAR
20240520,3969,20552134001_EA,20552134001,Concentrated Berry Punch,Frozen,No Name,283 ml,1.59,ea,REGULAR
20240520,3969,21406992_EA,21406992,Beach Umbrella,Not Available,No Name,1 ea,9.0,ea,SPECIAL
20240520,3969,20628585001_EA,20628585001,Clingstone Peach Slices in Juice From Concentrate,Not Available,No Name,398 ml,1.99,ea,REGULAR
20240520,3969,20628585001_EA,20628585001,Clingstone Peach Slices in Juice From Concentrate,Not Available,No Name,398 ml,1.99,ea,REGULAR
20240520,3969,20618934_EA,20618934,Pear Halves in Fruit Juice from Concentrate,Not Available,No Name,398 ml,1.99,ea,REGULAR
20240520,3969,21457728_EA,21457728,Prepared Yellow Mustard,Not Available,No Name,550 ml,1.89,ea,REGULAR
20240520,3969,20029218_EA,20029218,"3-Flavour Mix Dry Cat Food, Chicken, Turkey & Seafood",Pet Supplies,No Name,8 kg,20.99,ea,REGULAR
20240520,3969,20308105002_EA,20308105002,Pasteurized Light Cream Cheese Spread,Dairy & Eggs,No Name,250 g,3.0,ea,REGULAR
20240520,3969,21191816_EA,21191816,Seasoned Dry Roasted Peanuts,"Snacks, Chips & Candy",No Name,650 g,5.49,ea,REGULAR
20240520,3969,21380594_EA,21380594,Medium Roast Decaf Coffee,Drinks,No Name,925 g,8.99,ea,REGULAR
20240520,3969,20310718_EA,20310718,Coffee Whitener,Dairy & Eggs,No Name,450 g,3.49,ea,SPECIAL
20240520,3970,21406992_EA,21406992,Beach Umbrella,Not Available,No Name,1 ea,12.0,ea,REGULAR
20240520,3970,21406992_EA,21406992,Beach Umbrella,Not Available,No Name,1 ea,12.0,ea,REGULAR
20240520,3976,21394636_EA,21394636,No Name To Go Tumbler - Yellow,Home & Kitchen,No Name,1 ea,5.0,ea,REGULAR
20240520,3976,21545099_EA,21545099,"Naturally Imperfect Pineapple, Strawberries & Mango Fruit Blend",Frozen,No Name,400 g,3.0,ea,REGULAR
20240520,3976,21540283_EA,21540283,Detergent Dirt Release Cold Water,Household Supplies,No Name,4.43 l,10.49,ea,REGULAR
20240520,3976,21507048_EA,21507048,"Bleach, Lemon Scent",Household Supplies,No Name,1.27 l,2.49,ea,REGULAR
20240520,3976,20322949_EA,20322949,Old-Fashioned Pancake Mix,Not Available,No Name,905 g,2.79,ea,REGULAR
20240520,3976,20028559_EA,20028559,Original Party Mix,"Snacks, Chips & Candy",No Name,320 g,3.49,ea,REGULAR
20240520,3976,21546974_EA,21546974,Disinfectant Spray,Household Supplies,No Name,350 g,5.79,ea,REGULAR
20240520,3976,21023755_EA,21023755,Crushed Red Pepper,Not Available,No Name,350 g,7.99,ea,REGULAR
20240520,3976,20552134001_EA,20552134001,Concentrated Berry Punch,Frozen,No Name,283 ml,1.59,ea,REGULAR
20240520,3976,21406992_EA,21406992,Beach Umbrella,Not Available,No Name,1 ea,9.0,ea,SPECIAL
20240520,3976,21406992_EA,21406992,Beach Umbrella,Not Available,No Name,1 ea,9.0,ea,SPECIAL
20240520,3976,20617756_EA,20617756,Sesame Seeds,Not Available,No Name,150 g,2.49,ea,REGULAR
20240520,3976,21040543_EA,21040543,2% Evaporated Partly Skimmed Milk,Drinks,No Name,354 ml,1.99,ea,REGULAR
20240520,3976,21302937_EA,21302937,Barbecue Potato Chips,"Snacks, Chips & Candy",No Name,200 g,1.49,ea,REGULAR
20240520,3976,20326682_EA,20326682,Sliced Carrots,Not Available,No Name,398 ml,1.29,ea,REGULAR
20240520,3976,20618936_EA,20618936,Clingstone Peach Halves in Juice From Concentrate,Not Available,No Name,796 ml,3.49,ea,REGULAR
20240520,3976,20870350_EA,20870350,"Lasagna Pans, Giant",Household Supplies,No Name,2 ea,5.0,ea,REGULAR
20240520,3976,21417123_EA,21417123,Large Kitchen Garbage Bags,Household Supplies,No Name,40 ea,5.99,ea,REGULAR
20240520,3976,21375900_EA,21375900,Parchment Paper 50m,Household Supplies,No Name,1 ea,11.99,ea,REGULAR
20240520,3978,20113422002_EA,20113422002,Light Whipped Topping,Frozen,No Name,1 l,3.59,ea,REGULAR
20240520,3978,21379757_EA,21379757,Sweetened Apple Sauce,Not Available,No Name,620 ml,3.0,ea,REGULAR
20240520,3978,20552134003_EA,20552134003,Concentrated Grape Punch,Frozen,No Name,283 ml,1.59,ea,REGULAR
20240520,3978,21384149_EA,21384149,Paper Dinner Plates 40 Pack,Home & Kitchen,No Name,40 ea,6.0,ea,SPECIAL
20240520,3978,20323473001_EA,20323473001,Honey Garlic Sauce,Not Available,No Name,350 ml,2.49,ea,REGULAR
20240520,3978,20028559_EA,20028559,Original Party Mix,"Snacks, Chips & Candy",No Name,320 g,3.49,ea,REGULAR
20240520,3978,20426138_EA,20426138,Sliced Blanched Almonds ,Not Available,No Name,400 g,6.49,ea,REGULAR
20240520,3978,21406992_EA,21406992,Beach Umbrella,Not Available,No Name,1 ea,9.0,ea,SPECIAL
20240520,3978,21406992_EA,21406992,Beach Umbrella,Not Available,No Name,1 ea,9.0,ea,SPECIAL
20240520,3978,20618260_EA,20618260,Ground Sage,Not Available,No Name,80 g,2.49,ea,REGULAR
20240520,3978,20103516_EA,20103516,Chicken Bologna,Deli,No Name,375 g,3.0,ea,REGULAR
20240520,3978,20801166_EA,20801166,French Onion Sour Cream Dip ,Dairy & Eggs,No Name,250 g,3.19,ea,REGULAR
20240520,3978,20171622_EA,20171622,Pecan Pieces,Not Available,No Name,100 g,2.99,ea,REGULAR
20240520,3978,20097482002_EA,20097482002,Tomato Basil Flaked Light Tuna,Not Available,No Name,85 g,1.29,ea,REGULAR
20240520,3978,20022248_EA,20022248,All-Purpose Flour,Not Available,No Name,10 kg,11.99,ea,REGULAR
20240520,3978,21217968_EA,21217968,Bagel Whole Wheat,Bakery,No Name,510 g,2.49,ea,REGULAR
20240520,3978,20073381_EA,20073381,"Garlic Sausage, Club Pack",Deli,No Name,4x500.0 g,24.0,ea,REGULAR
20240520,3979,21394636_EA,21394636,No Name To Go Tumbler - Yellow,Home & Kitchen,No Name,1 ea,5.0,ea,REGULAR
20240520,3979,20048210_EA,20048210,Corn Chips,"Snacks, Chips & Candy",No Name,200 g,2.49,ea,REGULAR
20240520,3979,20628489002_EA,20628489002,Italian Dressing,Not Available,No Name,475 ml,2.79,ea,REGULAR
20240520,3979,20119954_EA,20119954,Sweet Gherkins Pickles ,Not Available,No Name,375 ml,2.99,ea,REGULAR
20240520,3979,20339076_EA,20339076,Original Trail Mix,"Snacks, Chips & Candy",No Name,1 kg,10.99,ea,REGULAR
20240520,3979,20311281_EA,20311281,Apple Juice,Drinks,No Name,1.75 l,2.99,ea,REGULAR
20240520,3979,21291313_EA,21291313,Popping Corn,"Snacks, Chips & Candy",No Name,1 kg,2.79,ea,REGULAR
20240520,3979,20325921001_EA,20325921001,Chickpeas,Not Available,No Name,540 ml,1.49,ea,REGULAR
20240520,3979,20317943_EA,20317943,Shredded Mozzarella Cheese,Dairy & Eggs,No Name,900 g,14.99,ea,REGULAR
20240520,3979,20869536_EA,20869536,Giant Oval Rack Roaster,Household Supplies,No Name,1 ea,4.0,ea,REGULAR
20240520,3979,20325561_EA,20325561,Dill Chips Pickles ,Not Available,No Name,1 l,3.29,ea,REGULAR
20240520,3979,20628585001_EA,20628585001,Clingstone Peach Slices in Juice From Concentrate,Not Available,No Name,398 ml,1.99,ea,REGULAR
20240520,3979,21406992_EA,21406992,Beach Umbrella,Not Available,No Name,1 ea,9.0,ea,SPECIAL
20240520,3979,21406992_EA,21406992,Beach Umbrella,Not Available,No Name,1 ea,9.0,ea,SPECIAL
20240520,3979,20132840_EA,20132840,Thyme Leaves,Not Available,No Name,45 g,2.49,ea,REGULAR
20240520,3979,21457728_EA,21457728,Prepared Yellow Mustard,Not Available,No Name,550 ml,1.89,ea,REGULAR
20240520,3979,20161396_EA,20161396,"Peas & Carrots, Club Size",Frozen,No Name,2 kg,6.29,ea,REGULAR
20240520,3979,20301663_EA,20301663,Condensed Chicken Noodle Soup,Not Available,No Name,284 ml,0.99,ea,SPECIAL
20240520,3979,20628489003_EA,20628489003,Ranch Dressing,Not Available,No Name,475 ml,2.79,ea,REGULAR
20240520,3979,20126627_EA,20126627,Cocktail Glass 90Z,Home & Kitchen,No Name,50x50.0 ea,5.5,ea,REGULAR
20240520,3979,20964652_EA,20964652,"Bathroom Tissue, 12 Rolls",Household Supplies,No Name,12 ea,5.0,ea,REGULAR
20240520,3982,20179276_EA,20179276,No.4 Cone Coffee Filters,Not Available,No Name,100 ea,3.49,ea,REGULAR
20240520,3982,21375917_EA,21375917,"Parchment Paper, 10-metre",Household Supplies,No Name,10 ea,3.5,ea,REGULAR
20240520,3982,20079526_EA,20079526,Sour Cream,Dairy & Eggs,No Name,1 l,5.29,ea,REGULAR
20240520,3982,21538491_EA,21538491,Italian Meatballs,Frozen,No Name,680 g,9.99,ea,REGULAR
20240520,3982,20316375005_EA,20316375005,Chocolate Chips Waffles,Frozen,No Name,280 g,2.5,ea,REGULAR
20240520,3982,21376440_EA,21376440,Camomile Herbal Tea,Drinks,No Name,24 g,2.99,ea,REGULAR
20240520,3982,20027032_EA,20027032,Cooked Ham,Not Available,No Name,454 g,5.79,ea,REGULAR
20240520,3982,20969990001_EA,20969990001,Naturally Imperfect Green Peppers 2.5lb Bag,Fruits & Vegetables,No Name,1130 g,6.0,ea,REGULAR
20240520,3982,21221009_EA,21221009,Cheddar Flavour Processed Cheese Product Thick Slices,Dairy & Eggs,No Name,400 g,4.29,ea,REGULAR
20240520,3982,21406992_EA,21406992,Beach Umbrella,Not Available,No Name,1 ea,9.0,ea,SPECIAL
20240520,3982,21406992_EA,21406992,Beach Umbrella,Not Available,No Name,1 ea,9.0,ea,SPECIAL
20240520,3982,20923994_EA,20923994,100% Whole Grain Large Flake Oats,Not Available,No Name,1 kg,3.0,ea,REGULAR
20240520,3982,20858030_EA,20858030,Black Forest Ham,Meat,No Name,1.3 kg,19.0,ea,REGULAR
20240520,3982,21386782_EA,21386782,Fresh Scent Disinfectant Wipes,Household Supplies,No Name,35 ea,3.0,ea,REGULAR
20240520,3982,20029218_EA,20029218,"3-Flavour Mix Dry Cat Food, Chicken, Turkey & Seafood",Pet Supplies,No Name,8 kg,20.99,ea,REGULAR
20240520,3982,20316388_EA,20316388,Mixed Vegetables,Frozen,No Name,2 kg,6.29,ea,REGULAR
20240520,3982,20303626_EA,20303626,Fudge-Striped Shortbread Cookies,"Snacks, Chips & Candy",No Name,368 g,3.0,ea,SPECIAL
20240520,3982,21030561_EA,21030561,Pepperoni Pizzas,Frozen,No Name,1660 g,12.99,ea,REGULAR
20240520,3982,21540823_EA,21540823,Chewy Chocolate Chip Granola Bars,"Snacks, Chips & Candy",No Name,120 g,1.99,ea,REGULAR
20240520,3985,20047452_EA,20047452,No.2 Cone Coffee Filters,Not Available,No Name,100 ea,3.49,ea,REGULAR
20240520,3985,21020366_EA,21020366,100% Pure Corn Starch,Not Available,No Name,454 g,4.0,ea,REGULAR
20240520,3985,21099689_EA,21099689,Onion Recipe and Soup Mix,Not Available,No Name,56 g,1.49,ea,REGULAR
20240520,3985,20921583001_EA,20921583001,Naturally Imperfect Cucumbers 5lb Bag,Fruits & Vegetables,No Name,2.27 kg,8.0,ea,SPECIAL
20240520,3985,20303890001_EA,20303890001,Refried Pinto Beans ,Not Available,No Name,398 ml,3.0,ea,REGULAR
20240520,3985,20503035004_EA,20503035004,Grape Drink Boxes,Drinks,No Name,10x200.0 ml,3.29,ea,REGULAR
20240520,3985,21039704_EA,21039704,"Cocoa, Club Size",Not Available,No Name,454 g,8.49,ea,REGULAR
20240520,3985,21108326_EA,21108326,Zipper Snack Bags,Household Supplies,No Name,80 ea,3.0,ea,REGULAR
20240520,3985,20338236_EA,20338236,Celebration Trail Mix,"Snacks, Chips & Candy",No Name,1 kg,10.99,ea,REGULAR
20240520,3985,20325830_EA,20325830,"Latex Rubber Gloves, Medium",Household Supplies,No Name,1 ea,2.0,ea,REGULAR
20240520,3985,21406992_EA,21406992,Beach Umbrella,Not Available,No Name,1 ea,9.0,ea,SPECIAL
20240520,3985,20891403_EA,20891403,Stuffed Chicken with Jalapeno & Cheese,Frozen,No Name,284 g,4.99,ea,REGULAR
20240520,3985,20891403_EA,20891403,Stuffed Chicken with Jalapeno & Cheese,Frozen,No Name,284 g,4.99,ea,REGULAR
20240520,3985,20923942_EA,20923942,One Minute 100% Whole Grain Oats,Not Available,No Name,900 g,3.0,ea,REGULAR
20240520,3985,20010471_EA,20010471,Red Wine Vinegar,Not Available,No Name,500 ml,1.69,ea,REGULAR
20240520,3985,20971002_EA,20971002,"2-Ply Hypoallergenic Facial Tissues, 126 Sheets",Household Supplies,No Name,6x1.0 ea,7.0,ea,REGULAR
20240520,3985,20024022_EA,20024022,5L Streak-Free Glass Cleaner ,Household Supplies,No Name,5 l,9.99,ea,REGULAR
20240520,3985,20038043_EA,20038043,Apple Juice Boxes,Drinks,No Name,10x200.0 ml,3.29,ea,REGULAR
20240520,3985,20870562_EA,20870562,Lasagna Pan,Household Supplies,No Name,1 ea,5.0,ea,REGULAR
20240520,3985,20964652_EA,20964652,"Bathroom Tissue, 12 Rolls",Household Supplies,No Name,12 ea,5.0,ea,REGULAR
20240520,3989,20047452_EA,20047452,No.2 Cone Coffee Filters,Not Available,No Name,100 ea,3.49,ea,REGULAR
20240520,3989,21020366_EA,21020366,100% Pure Corn Starch,Not Available,No Name,454 g,4.0,ea,REGULAR
20240520,3989,20872407_EA,20872407,Poultry Pan,Household Supplies,No Name,1 ea,2.0,ea,REGULAR
20240520,3989,20323024_EA,20323024,Fudge-Covered Graham Cookies,"Snacks, Chips & Candy",No Name,350 g,3.0,ea,SPECIAL
20240520,3989,21466969_EA,21466969,Apple Cider Vinegar,Not Available,No Name,1 l,2.49,ea,REGULAR
20240520,3989,20061485_EA,20061485,Rectangular Container 1L,Home & Kitchen,No Name,1 l,5.0,ea,REGULAR
20240520,3989,21283326_EA,21283326,Cookies & Cream Ice Cream Sandwiches ,Frozen,No Name,24x120.0 ml,10.0,ea,REGULAR
20240520,3989,21379301_EA,21379301,Utility Lighter,Home & Kitchen,No Name,1 ea,1.0,ea,SPECIAL
20240520,3989,20845247_EA,20845247,"Cheese, Pizza Mozzarella",Dairy & Eggs,No Name,2.4 kg,29.99,ea,REGULAR
20240520,3989,20640153_EA,20640153,Pepperoni,Deli,No Name,1 kg,12.0,ea,REGULAR
20240520,3989,21406992_EA,21406992,Beach Umbrella,Not Available,No Name,1 ea,9.0,ea,SPECIAL
20240520,3989,20617972_EA,20617972,Rosemary Leaves,Not Available,No Name,50 g,2.49,ea,REGULAR
20240520,3989,20617972_EA,20617972,Rosemary Leaves,Not Available,No Name,50 g,2.49,ea,REGULAR
20240520,3989,20097492_EA,20097492,Whole Mushrooms,Not Available,No Name,284 ml,1.29,ea,REGULAR
20240520,3989,21208436_EA,21208436,Lemon Furniture Polish,Household Supplies,No Name,275 g,4.99,ea,REGULAR
20240520,3989,20295818_EA,20295818,Peas and Carrots,Frozen,No Name,750 g,2.59,ea,REGULAR
20240520,3989,20088698002_EA,20088698002,Mild Salsa ,Not Available,No Name,430 ml,3.29,ea,REGULAR
20240520,3989,20306865_EA,20306865,Unbleached All-Purpose Flour,Not Available,No Name,10 kg,11.99,ea,REGULAR
20240520,3989,20130996_EA,20130996,Wine Sauerkraut,Not Available,No Name,1 l,5.99,ea,REGULAR
20240520,3989,20870521_EA,20870521,"All-Purpose Pan with Lid, Giant Size",Household Supplies,No Name,1 ea,6.0,ea,REGULAR
20240520,3992,20179276_EA,20179276,No.4 Cone Coffee Filters,Not Available,No Name,100 ea,3.49,ea,REGULAR
20240520,3992,20426318_EA,20426318,Walnut Pieces Club Size,Not Available,No Name,1 kg,17.99,ea,REGULAR
20240520,3992,21030532_C01,21030532,Dark Roast Coffee Pods Club Size,Drinks,No Name,1 ea,32.99,ea,REGULAR
20240520,3992,21393587_EA,21393587,Medium Roast Coffee Pods,Drinks,No Name,114 g,6.79,ea,REGULAR
20240520,3992,20303890001_EA,20303890001,Refried Pinto Beans ,Not Available,No Name,398 ml,3.0,ea,REGULAR
20240520,3992,21218696_EA,21218696,Streak-Free Glass Cleaner ,Household Supplies,No Name,765 ml,2.0,ea,REGULAR
20240520,3992,20316412_EA,20316412,California Blend Mixed Vegetables,Frozen,No Name,750 g,2.59,ea,REGULAR
20240520,3992,20971992_EA,20971992,Lime Juice,Drinks,No Name,445 ml,2.49,ea,REGULAR
20240520,3992,20171693_EA,20171693,Whole Hearts Of Palm,Not Available,No Name,398 ml,3.49,ea,REGULAR
20240520,3992,20870022_EA,20870022,Loaf Pans,Household Supplies,No Name,1 ea,3.0,ea,REGULAR
20240520,3992,21406992_EA,21406992,Beach Umbrella,Not Available,No Name,1 ea,9.0,ea,SPECIAL
20240520,3992,20617756_EA,20617756,Sesame Seeds,Not Available,No Name,150 g,2.49,ea,REGULAR
20240520,3992,20617756_EA,20617756,Sesame Seeds,Not Available,No Name,150 g,2.49,ea,REGULAR
20240520,3992,20323261_EA,20323261,Oven-ready Lasagna Pasta,Not Available,No Name,375 g,2.49,ea,REGULAR
20240520,3992,20539203_EA,20539203,Lemon Scent Dishwasher Detergent ,Household Supplies,No Name,1.8 kg,5.99,ea,REGULAR
20240520,3992,20171622_EA,20171622,Pecan Pieces,Not Available,No Name,100 g,2.99,ea,REGULAR
20240520,3992,21047867_EA,21047867,Cream Cheese Product With Jalapeño ,Dairy & Eggs,No Name,227 g,3.0,ea,REGULAR
20240520,3992,21289951_EA,21289951,Pineapples pieces,Frozen,No Name,2 kg,14.0,ea,REGULAR
20240520,3992,21386780_EA,21386780,Fresh Scent Disinfectant Wipes,Household Supplies,No Name,75 ea,3.99,ea,REGULAR
20240520,3992,20964652_EA,20964652,"Bathroom Tissue, 12 Rolls",Household Supplies,No Name,12 ea,5.0,ea,REGULAR
20240520,3993,21394636_EA,21394636,No Name To Go Tumbler - Yellow,Home & Kitchen,No Name,1 ea,5.0,ea,REGULAR
20240520,3993,20044637001_EA,20044637001,"Naturally Imperfect Red Potatoes, 20 lb bag",Fruits & Vegetables,No Name,9.072 kg,9.0,ea,SPECIAL
20240520,3993,20180368002_EA,20180368002,Blueberry Waffles,Frozen,No Name,560 g,4.99,ea,REGULAR
20240520,3993,20813936001_EA,20813936001,Grade A Large Brown Eggs,Dairy & Eggs,No Name,12 eggs,5.32,ea,REGULAR
20240520,3993,20322949_EA,20322949,Old-Fashioned Pancake Mix,Not Available,No Name,905 g,2.79,ea,REGULAR
20240520,3993,21217967_EA,21217967,"Bagel Everything, 6-Pack",Bakery,No Name,480 g,1.99,ea,SPECIAL
20240520,3993,20028559_EA,20028559,Original Party Mix,"Snacks, Chips & Candy",No Name,320 g,3.49,ea,REGULAR
20240520,3993,20426035_EA,20426035,Walnut Pieces,Not Available,No Name,400 g,8.49,ea,REGULAR
20240520,3993,20307812_EA,20307812,Sliced Manzanilla Olives,Not Available,No Name,375 ml,2.0,ea,REGULAR
20240520,3993,20301246002_EA,20301246002,"Soup Cups, Chicken",Not Available,No Name,65 g,0.99,ea,REGULAR
20240520,3993,21406992_EA,21406992,Beach Umbrella,Not Available,No Name,1 ea,9.0,ea,SPECIAL
20240520,3993,20617739_EA,20617739,Cinnamon Sticks,Not Available,No Name,100 g,2.49,ea,REGULAR
20240520,3993,20617739_EA,20617739,Cinnamon Sticks,Not Available,No Name,100 g,2.49,ea,REGULAR
20240520,3993,20923942_EA,20923942,One Minute 100% Whole Grain Oats,Not Available,No Name,900 g,3.0,ea,REGULAR
20240520,3993,21200684_EA,21200684,Shredded Farmer's Marble Cheese,Dairy & Eggs,No Name,320 g,5.49,ea,REGULAR
20240520,3993,20894653_EA,20894653,Compostable Kitchen Bags for Organics Club Size,Household Supplies,No Name,100 ea,14.99,ea,REGULAR
20240520,3993,20870356_EA,20870356,"Pie Pans, Large",Household Supplies,No Name,1 ea,3.0,ea,REGULAR
20240520,3993,20647362_EA,20647362,Pitted Prunes,Not Available,No Name,375 g,6.79,ea,REGULAR
20240520,3993,20126627_EA,20126627,Cocktail Glass 90Z,Home & Kitchen,No Name,50x50.0 ea,5.5,ea,REGULAR
20240520,3993,20323294_EA,20323294,Sliced Ripe Olives,Not Available,No Name,398 ml,1.99,ea,REGULAR
20240520,3995,21394636_EA,21394636,No Name To Go Tumbler - Yellow,Home & Kitchen,No Name,1 ea,5.0,ea,REGULAR
20240520,3995,21405450_EA,21405450,Scented Air Freshener Tropical Gel,Household Supplies,No Name,170 g,1.0,ea,REGULAR
20240520,3995,21384145_EA,21384145,Paper Luncheon Plates 40 Pack,Home & Kitchen,No Name,40 ea,5.0,ea,SPECIAL
20240520,3995,20872407_EA,20872407,Poultry Pan,Household Supplies,No Name,1 ea,2.0,ea,REGULAR
20240520,3995,20325160001_EA,20325160001,Unsweetened Medium Coconut,Not Available,No Name,200 g,2.29,ea,REGULAR
20240520,3995,20311281_EA,20311281,Apple Juice,Drinks,No Name,1.75 l,2.99,ea,REGULAR
20240520,3995,20309006_EA,20309006,Spanish Cocktail Olives,Not Available,No Name,375 ml,2.0,ea,REGULAR
20240520,3995,20870423_EA,20870423,"Electric Burner Liners, Large",Household Supplies,No Name,6 ea,3.5,ea,REGULAR
20240520,3995,21379698_EA,21379698,Unsweetened Apple Sauce,Not Available,No Name,620 ml,3.0,ea,REGULAR
20240520,3995,21220995_EA,21220995,Cheddar Flavour Processed Cheese Product Slices,Dairy & Eggs,No Name,400 g,4.29,ea,REGULAR
20240520,3995,20845425_EA,20845425,Basmati Rice,Not Available,No Name,3.63 kg,12.49,ea,REGULAR
20240520,3995,21045311_EA,21045311,"Chicken Wings, Honey Garlic",Frozen,No Name,908 g,12.99,ea,REGULAR
20240520,3995,21406992_EA,21406992,Beach Umbrella,Not Available,No Name,1 ea,9.0,ea,SPECIAL
20240520,3995,20639755_EA,20639755,Poppy Seeds,Not Available,No Name,150 g,2.49,ea,REGULAR
20240520,3995,21376971_EA,21376971,Chicken Concentrate,Not Available,No Name,250 ml,5.29,ea,REGULAR
20240520,3995,20565353_EA,20565353,Tomato Juice,Drinks,No Name,540 ml,1.79,ea,REGULAR
20240520,3995,21308570_EA,21308570,Wild Bird Seed Mix,Pet Supplies,No Name,8 kg,17.99,ea,REGULAR
20240520,3995,20024022_EA,20024022,5L Streak-Free Glass Cleaner ,Household Supplies,No Name,5 l,9.99,ea,REGULAR
20240520,3995,20060972_EA,20060972,Regular Ripple Cut Potato Chips,"Snacks, Chips & Candy",No Name,750 g,4.99,ea,REGULAR
20240520,3995,20870521_EA,20870521,"All-Purpose Pan with Lid, Giant Size",Household Supplies,No Name,1 ea,6.0,ea,REGULAR
20240520,4012,20118684_EA,20118684,2 Paper Towel Rolls,Household Supplies,No Name,2 ea,2.5,ea,REGULAR
20240520,4012,20557133_EA,20557133,Heavy-Duty & All-Purpose Mixed Scouring Pads ,Household Supplies,No Name,10 ea,4.0,ea,REGULAR
20240520,4012,20774062_C01,20774062,Medium Roast Coffee Pods Club Size,Drinks,No Name,100 ea,32.99,ea,REGULAR
20240520,4012,21099689_EA,21099689,Onion Recipe and Soup Mix,Not Available,No Name,56 g,1.49,ea,REGULAR
20240520,4012,20339076_EA,20339076,Original Trail Mix,"Snacks, Chips & Candy",No Name,1 kg,10.99,ea,REGULAR
20240520,4012,20963916_EA,20963916,"Bathroom Tissue, 24 Double Rolls",Household Supplies,No Name,1 ea,11.49,ea,REGULAR
20240520,4012,21376440_EA,21376440,Camomile Herbal Tea,Drinks,No Name,24 g,2.99,ea,REGULAR
20240520,4012,20742858_EA,20742858,Old Cheddar Cheese Slices ,Dairy & Eggs,No Name,210 g,4.5,ea,REGULAR
20240520,4012,20141395_EA,20141395,Extra Virgin Olive Oil Club Size,Not Available,No Name,3 l,29.99,ea,REGULAR
20240520,4012,21021828_EA,21021828,Dehydrated Chopped Onion,Not Available,No Name,300 g,4.99,ea,REGULAR
20240520,4012,21384171_EA,21384171,Paper Dinner Plates Club Size  ,Home & Kitchen,No Name,125 ea,20.5,ea,REGULAR
20240520,4012,20102370_EA,20102370,Minced Ginger,Not Available,No Name,120 g,3.29,ea,REGULAR
20240520,4012,21406992_EA,21406992,Beach Umbrella,Not Available,No Name,1 ea,9.0,ea,SPECIAL
20240520,4012,21406992_EA,21406992,Beach Umbrella,Not Available,No Name,1 ea,9.0,ea,SPECIAL
20240520,4012,20618884_EA,20618884,Pear Halves in Light Syrup,Not Available,No Name,796 ml,3.49,ea,REGULAR
20240520,4012,21045704_EA,21045704,"Chicken Wings, Club Pack",Frozen,No Name,1.81 kg,21.99,ea,REGULAR
20240520,4012,20106862_EA,20106862,Balanced Nutrition For Dogs,Pet Supplies,No Name,2 kg,7.99,ea,REGULAR
20240520,4012,21464491_EA,21464491,"Paper Straws, 50 Straws",Not Available,No Name,50 ea,1.5,ea,REGULAR
20240520,4012,20556918_EA,20556918,All-Purpose Scouring Sponges,Household Supplies,No Name,6 pack,5.0,ea,REGULAR
20240520,4012,20132206_EA,20132206,Margarine Spread,Dairy & Eggs,No Name,454 g,2.79,ea,REGULAR
20240520,4012,21302943_EA,21302943,Dill Pickle Potato Chips,"Snacks, Chips & Candy",No Name,200 g,1.49,ea,REGULAR
20240520,4224,20181003_EA,20181003,All-Purpose Reusable Cloth,Household Supplies,No Name,10 ea,3.5,ea,REGULAR
20240520,4224,20181003_EA,20181003,All-Purpose Reusable Cloth,Household Supplies,No Name,10 ea,3.5,ea,REGULAR
20240520,4489,20179276_EA,20179276,No.4 Cone Coffee Filters,Not Available,No Name,100 ea,3.49,ea,REGULAR
20240520,4489,20870360_EA,20870360,Storage Containers 20cm x 14cm x 5cm,Household Supplies,No Name,1 ea,5.5,ea,REGULAR
20240520,4489,20552134003_EA,20552134003,Concentrated Grape Punch,Frozen,No Name,283 ml,1.59,ea,REGULAR
20240520,4489,21099689_EA,21099689,Onion Recipe and Soup Mix,Not Available,No Name,56 g,1.49,ea,REGULAR
20240520,4489,20316375003_EA,20316375003,Buttermilk Waffles,Frozen,No Name,280 g,2.5,ea,REGULAR
20240520,4489,20114154_EA,20114154,Beef Burger 4 Oz,Frozen,No Name,1.36 kg,9.99,ea,SPECIAL
20240520,4489,20174360002_EA,20174360002,Sweet Green Relish,Not Available,No Name,375 ml,1.69,ea,REGULAR
20240520,4489,20683943_EA,20683943,Chocolate Hazelnut Spread,Not Available,No Name,725 g,5.0,ea,SPECIAL
20240520,4489,20618858_EA,20618858,Whipped Dressing,Not Available,No Name,890 ml,3.69,ea,REGULAR
20240520,4489,21291288_EA,21291288,Microwave Butter Flavour Popcorn,"Snacks, Chips & Candy",No Name,247 g,2.79,ea,REGULAR
20240520,4489,21406992_EA,21406992,Beach Umbrella,Not Available,No Name,1 ea,9.0,ea,SPECIAL
20240520,4489,20618890_EA,20618890,Clingstone Peach Slices in Light Syrup,Not Available,No Name,796 ml,3.49,ea,REGULAR
20240520,4489,20618890_EA,20618890,Clingstone Peach Slices in Light Syrup,Not Available,No Name,796 ml,3.49,ea,REGULAR
20240520,4489,20734141_EA,20734141,Knackwurst Smoked Sausages,Meat,No Name,900 g,10.0,ea,REGULAR
20240520,4489,20252539_EA,20252539,Condensed Cream of Chicken Soup,Not Available,No Name,284 ml,1.49,ea,REGULAR
20240520,4489,20962493_EA,20962493,Cheese Flavoured Crunchy Snacks,"Snacks, Chips & Candy",No Name,200 g,2.49,ea,REGULAR
20240520,4489,21309894_EA,21309894,Lemon Fresh Dishwashing Liquid ,Household Supplies,No Name,800 ml,2.29,ea,REGULAR
20240520,4489,21119987_EA,21119987,"Aluminum Foil, 50 ft",Household Supplies,No Name,1 ea,3.49,ea,REGULAR
20240520,4489,20130996_EA,20130996,Wine Sauerkraut,Not Available,No Name,1 l,5.99,ea,REGULAR
20240520,4489,21308570_EA,21308570,Wild Bird Seed Mix,Pet Supplies,No Name,8 kg,17.99,ea,REGULAR
20240520,4493,21124368001_EA,21124368001,Naturally Imperfect Limes,Fruits & Vegetables,No Name,907 g,5.0,ea,REGULAR
20240520,4493,21124368001_EA,21124368001,Naturally Imperfect Limes,Fruits & Vegetables,No Name,907 g,5.0,ea,REGULAR
20240520,5387,20996039_EA,20996039,"Roasted Peanuts, No Salt",Fruits & Vegetables,No Name,907 g,7.0,ea,REGULAR
20240520,5387,20331973_EA,20331973,Farmer's Marble Cheese ,Dairy & Eggs,No Name,200 g,3.99,ea,REGULAR
20240520,5387,20079526_EA,20079526,Sour Cream,Dairy & Eggs,No Name,1 l,5.29,ea,REGULAR
20240520,5387,20866351_EA,20866351,"Cake Pans, 13x9 """,Household Supplies,No Name,1 ea,4.0,ea,REGULAR
20240520,5387,20312728001_EA,20312728001,Flakes of Ham,Not Available,No Name,156 g,2.29,ea,REGULAR
20240520,5387,20027032_EA,20027032,Cooked Ham,Not Available,No Name,454 g,5.79,ea,REGULAR
20240520,5387,21405449_EA,21405449,Scented Air Freshener Coconut Gel,Household Supplies,No Name,170 g,1.0,ea,REGULAR
20240520,5387,20325830_EA,20325830,"Latex Rubber Gloves, Medium",Household Supplies,No Name,1 ea,2.0,ea,REGULAR
20240520,5387,21406992_EA,21406992,Beach Umbrella,Not Available,No Name,1 ea,9.0,ea,SPECIAL
20240520,5387,21406992_EA,21406992,Beach Umbrella,Not Available,No Name,1 ea,9.0,ea,SPECIAL
20240520,5387,20734142_EA,20734142,"Smoked Sausages, Cheese",Meat,No Name,900 g,10.0,ea,REGULAR
20240520,5387,20298374_EA,20298374,Large Zipper Freezer Bags,Household Supplies,No Name,30 ea,6.99,ea,REGULAR
20240520,5387,20052479_EA,20052479,Quick-Tie Tall Kitchen Garbage Bags,Household Supplies,No Name,30 ea,5.99,ea,REGULAR
20240520,5387,21037550_EA,21037550,Scented Dual Action Odour Control Scoopable Clumping Cat Litter ,Not Available,No Name,7 kg,9.99,ea,REGULAR
20240520,5387,20189239_EA,20189239,Square Container 930ml,Home & Kitchen,No Name,6 ea,5.0,ea,REGULAR
20240520,5387,20298441001_EA,20298441001,Light Marble Cheddar Cheese,Dairy & Eggs,No Name,200 g,3.99,ea,REGULAR
20240520,5387,20636824_EA,20636824,Meat Lasagna,Frozen,No Name,1 kg,7.99,ea,REGULAR
20240520,5387,20183991002_EA,20183991002,"Cottage Cheese, 2% M.F.",Dairy & Eggs,No Name,500 g,3.89,ea,REGULAR
20240520,5457,20047452_EA,20047452,No.2 Cone Coffee Filters,Not Available,No Name,100 ea,3.49,ea,REGULAR
20240520,5457,21541429_EA,21541429,"Thin Crust Pizza, Cheese",Frozen,No Name,369 g,3.5,ea,REGULAR
20240520,5457,20426875_EA,20426875,Whole Almonds,Not Available,No Name,1 kg,20.99,ea,REGULAR
20240520,5457,21313152_EA,21313152,Extra Crisp English Muffins,Bakery,No Name,390 g,2.69,ea,REGULAR
20240520,5457,20325160001_EA,20325160001,Unsweetened Medium Coconut,Not Available,No Name,200 g,2.29,ea,REGULAR
20240520,5457,20773658_EA,20773658,Pig Ears Dog Treats,Pet Supplies,No Name,12 ea,20.99,ea,REGULAR
20240520,5457,21035629_EA,21035629,Light Original Cream Cheese Product,Dairy & Eggs,No Name,227 g,3.0,ea,REGULAR
20240520,5457,21480144_EA,21480144,Naturally Imperfect Frozen Berry Blend,Frozen,No Name,2 kg,14.0,ea,REGULAR
20240520,5457,20521654_EA,20521654,Mandarin Oranges in Light Syrup,"Snacks, Chips & Candy",No Name,4x107.0 ml,2.49,ea,REGULAR
20240520,5457,21406992_EA,21406992,Beach Umbrella,Not Available,No Name,1 ea,9.0,ea,SPECIAL
20240520,5457,21406992_EA,21406992,Beach Umbrella,Not Available,No Name,1 ea,9.0,ea,SPECIAL
20240520,5457,20891403_EA,20891403,Stuffed Chicken with Jalapeno & Cheese,Frozen,No Name,284 g,4.99,ea,REGULAR
20240520,5457,20132840_EA,20132840,Thyme Leaves,Not Available,No Name,45 g,2.49,ea,REGULAR
20240520,5457,21208436_EA,21208436,Lemon Furniture Polish,Household Supplies,No Name,275 g,4.99,ea,REGULAR
20240520,5457,21084957_EA,21084957,Iced Tea Drink Boxes,Drinks,No Name,10x200.0 ml,3.29,ea,REGULAR
20240520,5457,20870356_EA,20870356,"Pie Pans, Large",Household Supplies,No Name,1 ea,3.0,ea,REGULAR
20240520,5457,20293477_EA,20293477,Roasted Peanuts In Shell,Fruits & Vegetables,No Name,2 kg,11.0,ea,SPECIAL
20240520,5457,21417123_EA,21417123,Large Kitchen Garbage Bags,Household Supplies,No Name,40 ea,5.99,ea,REGULAR
20240520,5457,20017493_EA,20017493,Whipped Topping ,Dairy & Eggs,No Name,225 g,3.89,ea,REGULAR
20240520,5458,20118684_EA,20118684,2 Paper Towel Rolls,Household Supplies,No Name,2 ea,2.5,ea,REGULAR
20240520,5458,21235435_EA,21235435,Cat Litter Scented,Not Available,No Name,10 kg,7.99,ea,REGULAR
20240520,5458,20618086_EA,20618086,Ground Black Pepper,Not Available,No Name,150 g,2.49,ea,REGULAR
20240520,5458,20174511_EA,20174511,Parsley Flakes ,Not Available,No Name,85 g,4.49,ea,REGULAR
20240520,5458,20997492_EA,20997492,Napkins 1 Ply,Household Supplies,No Name,1 ea,4.29,ea,REGULAR
20240520,5458,20148493003_EA,20148493003,Diced White Potatoes,Not Available,No Name,540 ml,1.49,ea,REGULAR
20240520,5458,21082795_EA,21082795,Shredded Nacho Cheese Blend,Dairy & Eggs,No Name,320 g,5.49,ea,REGULAR
20240520,5458,20083786_EA,20083786,Charcoal Starter,Home & Kitchen,No Name,1 ea,3.99,ea,SPECIAL
20240520,5458,20321193001_EA,20321193001,Rotini Pasta,Not Available,No Name,500 g,1.49,ea,REGULAR
20240520,5458,20618577_EA,20618577,Social Tea Biscuits,"Snacks, Chips & Candy",No Name,350 g,3.0,ea,SPECIAL
20240520,5458,20896777001_EA,20896777001,Naturally Imperfect Apples 8lb Bag,Fruits & Vegetables,No Name,3.6 kg,8.0,ea,SPECIAL
20240520,5458,21359709_EA,21359709,Rich & Chunky Vegetable with Pasta Soup,Not Available,No Name,540 ml,2.49,ea,SPECIAL
20240520,5458,21406992_EA,21406992,Beach Umbrella,Not Available,No Name,1 ea,9.0,ea,SPECIAL
20240520,5458,21406992_EA,21406992,Beach Umbrella,Not Available,No Name,1 ea,9.0,ea,SPECIAL
20240520,5458,20923840_EA,20923840,"100% Whole Grain Large Flake Oats, Club Pack",Not Available,No Name,2.25 kg,6.49,ea,REGULAR
20240520,5458,20606411_EA,20606411,Honey Graham Wafers,"Snacks, Chips & Candy",No Name,1200 g,10.49,ea,REGULAR
20240520,5458,21457728_EA,21457728,Prepared Yellow Mustard,Not Available,No Name,550 ml,1.89,ea,REGULAR
20240520,5458,21302932_EA,21302932,Ketchup Potato Chips,"Snacks, Chips & Candy",No Name,200 g,1.49,ea,REGULAR
20240520,5458,20064230_EA,20064230,"Beef Bologna, Sliced",Deli,No Name,500 g,5.0,ea,REGULAR
20240520,5458,21541444_EA,21541444,"Thin Crust Pizza, Spinach",Frozen,No Name,411 g,3.5,ea,REGULAR
20240520,5458,20085278_EA,20085278,Household Cleanser With Bleach ,Household Supplies,No Name,400 g,1.0,ea,REGULAR
20240520,5459,21394636_EA,21394636,No Name To Go Tumbler - Yellow,Home & Kitchen,No Name,1 ea,5.0,ea,REGULAR
20240520,5459,21405448_EA,21405448,Scented Air Freshener Lavender Gel,Household Supplies,No Name,170 g,1.0,ea,REGULAR
20240520,5459,20325921004_EA,20325921004,Lentils,Not Available,No Name,540 ml,1.49,ea,REGULAR
20240520,5459,20119954_EA,20119954,Sweet Gherkins Pickles ,Not Available,No Name,375 ml,3.0,ea,REGULAR
20240520,5459,21466969_EA,21466969,Apple Cider Vinegar,Not Available,No Name,1 l,1.99,ea,REGULAR
20240520,5459,20148493001_EA,20148493001,Whole White Potatoes,Not Available,No Name,540 ml,1.49,ea,REGULAR
20240520,5459,21377032_EA,21377032,Vegetable Concentrate,Not Available,No Name,250 ml,4.99,ea,REGULAR
20240520,5459,20017493_EA,20017493,Whipped Topping ,Dairy & Eggs,No Name,225 g,3.69,ea,REGULAR
20240520,5459,21283326_EA,21283326,Cookies & Cream Ice Cream Sandwiches ,Frozen,No Name,24x120.0 ml,10.0,ea,REGULAR
20240520,5459,20647008_EA,20647008,Pitted Prunes,Not Available,No Name,750 g,11.99,ea,REGULAR
20240520,5459,20058286_EA,20058286,"Plastic Wrap, 30m",Household Supplies,No Name,1 ea,2.49,ea,REGULAR
20240520,5459,21359709_EA,21359709,Rich & Chunky Vegetable with Pasta Soup,Not Available,No Name,540 ml,2.49,ea,SPECIAL
20240520,5459,21406992_EA,21406992,Beach Umbrella,Not Available,No Name,1 ea,9.0,ea,SPECIAL
20240520,5459,21406992_EA,21406992,Beach Umbrella,Not Available,No Name,1 ea,9.0,ea,SPECIAL
20240520,5459,21045309_EA,21045309,Salt & Pepper Chicken Wings,Frozen,No Name,908 g,13.99,ea,REGULAR
20240520,5459,20164488_EA,20164488,Sustainably Sourced Wild Pacific Pink Salmon,Not Available,No Name,213 g,3.49,ea,REGULAR
20240520,5459,20600789_EA,20600789,Whole Tomatoes,Not Available,No Name,796 ml,1.79,ea,REGULAR
20240520,5459,20162802_EA,20162802,Square Container 600ml,Home & Kitchen,No Name,7 ea,5.0,ea,REGULAR
20240520,5459,20149018_EA,20149018,Round Container 745ml,Home & Kitchen,No Name,1 ea,5.0,ea,REGULAR
20240520,5459,20130996_EA,20130996,Wine Sauerkraut,Not Available,No Name,1 l,5.99,ea,REGULAR
20240520,5459,21546974_EA,21546974,Disinfectant Spray,Household Supplies,No Name,350 g,5.79,ea,REGULAR
20240520,7026,21081340_EA,21081340,Beef Rawhide Bagels Dog Treats,Pet Supplies,No Name,1 ea,15.99,ea,REGULAR
20240520,7026,20426318_EA,20426318,Walnut Pieces Club Size,Not Available,No Name,1 kg,16.99,ea,REGULAR
20240520,7026,20036631_EA,20036631,"Ground Cinnamon, Club Size",Not Available,No Name,560 g,7.99,ea,REGULAR
20240520,7026,21507048_EA,21507048,"Bleach, Lemon Scent",Household Supplies,No Name,1.27 l,2.49,ea,REGULAR
20240520,7026,20316375003_EA,20316375003,Buttermilk Waffles,Frozen,No Name,280 g,2.5,ea,REGULAR
20240520,7026,20061485_EA,20061485,Rectangular Container 1L,Home & Kitchen,No Name,1 l,5.0,ea,REGULAR
20240520,7026,21291313_EA,21291313,Popping Corn,"Snacks, Chips & Candy",No Name,1 kg,2.49,ea,REGULAR
20240520,7026,20161576_EA,20161576,"Lemon Scent Dirt Release Powder Laundry Detergent, Club Pack",Household Supplies,No Name,14.5 kg,23.99,ea,REGULAR
20240520,7026,20188835002_EA,20188835002,Green Glace Cherries,Not Available,No Name,225 g,3.49,ea,REGULAR
20240520,7026,20109368_EA,20109368,Balanced Nutrition For Dogs,Pet Supplies,No Name,16 kg,29.99,ea,REGULAR
20240520,7026,21406992_EA,21406992,Beach Umbrella,Not Available,No Name,1 ea,12.0,ea,SPECIAL
20240520,7026,20617972_EA,20617972,Rosemary Leaves,Not Available,No Name,50 g,2.49,ea,REGULAR
20240520,7026,20617972_EA,20617972,Rosemary Leaves,Not Available,No Name,50 g,2.49,ea,REGULAR
20240520,7026,20097492_EA,20097492,Whole Mushrooms,Not Available,No Name,284 ml,1.29,ea,REGULAR
20240520,7026,20296985002_EA,20296985002,Crunchy Peanut Butter,Not Available,No Name,1 kg,4.79,ea,REGULAR
20240520,7026,20153259_EA,20153259,Pie Shells,Dairy & Eggs,No Name,350 g,3.99,ea,REGULAR
20240520,7026,21289761_EA,21289761,Pizza Mozzarella Cheese with 28% M.F.,Dairy & Eggs,No Name,400 g,5.99,ea,REGULAR
20240520,7026,20015284001_EA,20015284001,Butterscotch Ripple Ice Milk,Frozen,No Name,4 l,5.99,ea,REGULAR
20240520,7026,20045046_EA,20045046,Charcoal Briquette,Home & Kitchen,No Name,1 ea,6.99,ea,SPECIAL
20240520,7026,21207721_EA,21207721,All Purpose Disinfectant Cleaner with Bleach ,Household Supplies,No Name,650 ml,2.49,ea,REGULAR
20240520,7031,21394636_EA,21394636,No Name To Go Tumbler - Yellow,Home & Kitchen,No Name,1 ea,5.0,ea,REGULAR
20240520,7031,20065872_EA,20065872,Seasoned Stuffing Mix,Not Available,No Name,120 g,1.49,ea,REGULAR
20240520,7031,20180368002_EA,20180368002,Blueberry Waffles,Frozen,No Name,560 g,4.99,ea,REGULAR
20240520,7031,21099689_EA,21099689,Onion Recipe and Soup Mix,Not Available,No Name,56 g,1.49,ea,REGULAR
20240520,7031,20144001_EA,20144001,Large Drawstring Garbage Bags,Household Supplies,No Name,20 ea,7.99,ea,REGULAR
20240520,7031,21455993_EA,21455993,Everything Bagel Seasoning Sour Cream Dip,Dairy & Eggs,No Name,250 g,3.19,ea,REGULAR
20240520,7031,20084432_EA,20084432,Spanish Queen Olives,Not Available,No Name,375 ml,2.0,ea,REGULAR
20240520,7031,20359200_EA,20359200,"Vinyl Disposable Gloves, Large",Household Supplies,No Name,100 ea,8.99,ea,REGULAR
20240520,7031,20426318_EA,20426318,Walnut Pieces Club Size,Not Available,No Name,1 kg,17.99,ea,REGULAR
20240520,7031,20323024_EA,20323024,Fudge-Covered Graham Cookies,"Snacks, Chips & Candy",No Name,350 g,3.0,ea,SPECIAL
20240520,7031,20870022_EA,20870022,Loaf Pans,Household Supplies,No Name,1 ea,3.0,ea,REGULAR
20240520,7031,21045311_EA,21045311,"Chicken Wings, Honey Garlic",Frozen,No Name,908 g,12.99,ea,REGULAR
20240520,7031,21406992_EA,21406992,Beach Umbrella,Not Available,No Name,1 ea,9.0,ea,SPECIAL
20240520,7031,21406992_EA,21406992,Beach Umbrella,Not Available,No Name,1 ea,9.0,ea,SPECIAL
20240520,7031,20734371_EA,20734371,Original Smoked Sausages,Meat,No Name,900 g,10.0,ea,REGULAR
20240520,7031,20006453_EA,20006453,Bologna,Deli,No Name,175 g,4.0,ea,REGULAR
20240520,7031,21120000_EA,21120000,"Aluminum Foil, Club Pack",Household Supplies,No Name,1 ea,21.99,ea,REGULAR
20240520,7031,20050959_EA,20050959,Maraschino Cherries With Syrup,Not Available,No Name,375 ml,4.49,ea,REGULAR
20240520,7031,20987139_EA,20987139,12Oz Coffee Cup W/Lid,Household Supplies,No Name,1 ea,5.0,ea,REGULAR
20240520,7031,20793444003_EA,20793444003,Vanilla Ice Milk,Frozen,No Name,4 l,5.99,ea,REGULAR
20240520,7031,20325263_EA,20325263,Polskie Ogórki Dill Pickles,Not Available,No Name,1 l,3.29,ea,REGULAR
20240520,7032,20996039_EA,20996039,"Roasted Peanuts, No Salt",Fruits & Vegetables,No Name,907 g,6.5,ea,REGULAR
20240520,7032,20141395_EA,20141395,Extra Virgin Olive Oil Club Size,Not Available,No Name,3 l,29.99,ea,REGULAR
20240520,7032,21540283_EA,21540283,Detergent Dirt Release Cold Water,Household Supplies,No Name,4.43 l,9.99,ea,REGULAR
20240520,7032,20866351_EA,20866351,"Cake Pans, 13x9 """,Household Supplies,No Name,1 ea,4.0,ea,REGULAR
20240520,7032,20298441001_EA,20298441001,Light Marble Cheddar Cheese,Dairy & Eggs,No Name,200 g,3.49,ea,REGULAR
20240520,7032,20870521_EA,20870521,"All-Purpose Pan with Lid, Giant Size",Household Supplies,No Name,1 ea,6.0,ea,REGULAR
20240520,7032,20055326002_EA,20055326002,Mixed Glace Cherries ,Not Available,No Name,450 g,6.79,ea,REGULAR
20240520,7032,20307131001_EA,20307131001,Sweetened Shredded Coconut,Not Available,No Name,200 g,2.29,ea,REGULAR
20240520,7032,21384171_EA,21384171,Paper Dinner Plates Club Size  ,Home & Kitchen,No Name,125 ea,20.5,ea,REGULAR
20240520,7032,21406992_EA,21406992,Beach Umbrella,Not Available,No Name,1 ea,12.0,ea,SPECIAL
20240520,7032,21406992_EA,21406992,Beach Umbrella,Not Available,No Name,1 ea,12.0,ea,SPECIAL
20240520,7032,20618033_EA,20618033,Ground Cumin,Not Available,No Name,97 g,2.49,ea,REGULAR
20240520,7032,20323261_EA,20323261,Oven-ready Lasagna Pasta,Not Available,No Name,375 g,2.49,ea,REGULAR
20240520,7032,20301126_EA,20301126,Baby Dill Pickles ,Not Available,No Name,1 l,3.29,ea,REGULAR
20240520,7032,21302932_EA,21302932,Ketchup Potato Chips,"Snacks, Chips & Candy",No Name,200 g,1.49,ea,REGULAR
20240520,7032,20312587_EA,20312587,Mixed Vegetables,Not Available,No Name,398 ml,1.29,ea,REGULAR
20240520,7032,20061719_EA,20061719,Macaroni & Cheese,Deli,No Name,500 g,5.0,ea,REGULAR
20240520,7032,20725249_EA,20725249,"Mopping Pad Refills, 12-Pack",Household Supplies,No Name,1 ea,4.99,ea,REGULAR
20240520,7032,21480144_EA,21480144,Naturally Imperfect Frozen Berry Blend,Frozen,No Name,2 kg,14.0,ea,REGULAR
20240520,7047,21033161_EA,21033161,Naturally Imperfect Mango,Frozen,No Name,2 kg,14.0,ea,REGULAR
20240520,7047,20005237_EA,20005237,Whole Kernel Corn,Not Available,No Name,341 ml,1.29,ea,REGULAR
20240520,7047,20052738_EA,20052738,Plum Sauce,Not Available,No Name,750 ml,3.49,ea,REGULAR
20240520,7047,20573474_EA,20573474,Beans with Pork and Molasses,Not Available,No Name,398 ml,0.99,ea,SPECIAL
20240520,7047,21221009_EA,21221009,Cheddar Flavour Processed Cheese Product Thick Slices,Dairy & Eggs,No Name,400 g,3.99,ea,REGULAR
20240520,7047,21406992_EA,21406992,Beach Umbrella,Not Available,No Name,1 ea,9.0,ea,SPECIAL
20240520,7047,21406992_EA,21406992,Beach Umbrella,Not Available,No Name,1 ea,9.0,ea,SPECIAL
20240520,7047,20923828_EA,20923828,Quick 100% Whole Grain Oats,Not Available,No Name,1 kg,2.79,ea,REGULAR
20240520,7047,21302937_EA,21302937,Barbecue Potato Chips,"Snacks, Chips & Candy",No Name,200 g,1.49,ea,REGULAR
20240520,7047,20503296_EA,20503296,"Stuffed Breaded Chicken, Broccoli & Cheese (2 Pack)",Frozen,No Name,284 g,4.79,ea,REGULAR
20240520,7047,21042473_EA,21042473,Free and Clear Nature Dirt Release Detergent ,Household Supplies,No Name,2.03 l,4.99,ea,REGULAR
20240520,7047,20324462002_EA,20324462002,Soy Sauce,Not Available,No Name,450 ml,1.99,ea,REGULAR
20240520,7047,21291313_EA,21291313,Popping Corn,"Snacks, Chips & Candy",No Name,1 kg,2.49,ea,REGULAR
20240520,7047,20925950_EA,20925950,Automatic Toilet Bowl Cleaner,Household Supplies,No Name,2x48.0 g,3.0,ea,REGULAR
20240520,7047,20725291_EA,20725291,Floral Scented Dry Sweeping Refills ,Household Supplies,No Name,16 ea,5.0,ea,REGULAR
20240520,7063,21124368001_EA,21124368001,Naturally Imperfect Limes,Fruits & Vegetables,No Name,907 g,6.0,ea,REGULAR
20240520,7063,21124368001_EA,21124368001,Naturally Imperfect Limes,Fruits & Vegetables,No Name,907 g,6.0,ea,REGULAR
20240520,7074,20047452_EA,20047452,No.2 Cone Coffee Filters,Not Available,No Name,100 ea,3.49,ea,REGULAR
20240520,7074,20870337_EA,20870337,Round Storage Containers with Lids,Household Supplies,No Name,3 ea,5.0,ea,REGULAR
20240520,7074,20325921004_EA,20325921004,Lentils,Not Available,No Name,540 ml,1.49,ea,REGULAR
20240520,7074,20119954_EA,20119954,Sweet Gherkins Pickles ,Not Available,No Name,375 ml,2.99,ea,REGULAR
20240520,7074,20318892001_EA,20318892001,Original Snack Crackers,"Snacks, Chips & Candy",No Name,225 g,2.99,ea,REGULAR
20240520,7074,20174360002_EA,20174360002,Sweet Green Relish,Not Available,No Name,375 ml,1.69,ea,REGULAR
20240520,7074,20889882_EA,20889882,"Crackers and Cheese, Processed Cheese Product","Snacks, Chips & Candy",No Name,3x29.0 g,1.5,ea,REGULAR
20240520,7074,20565353_EA,20565353,Tomato Juice,Drinks,No Name,540 ml,1.79,ea,REGULAR
20240520,7074,20620486_EA,20620486,Bologna,Deli,No Name,2 kg,19.0,ea,REGULAR
20240520,7074,21220995_EA,21220995,Cheddar Flavour Processed Cheese Product Slices,Dairy & Eggs,No Name,400 g,4.29,ea,REGULAR
20240520,7074,21406992_EA,21406992,Beach Umbrella,Not Available,No Name,1 ea,12.0,ea,SPECIAL
20240520,7074,20617972_EA,20617972,Rosemary Leaves,Not Available,No Name,50 g,2.49,ea,REGULAR
20240520,7074,20617972_EA,20617972,Rosemary Leaves,Not Available,No Name,50 g,2.49,ea,REGULAR
20240520,7074,20734141_EA,20734141,Knackwurst Smoked Sausages,Meat,No Name,900 g,10.0,ea,REGULAR
20240520,7074,20323647_EA,20323647,Whole Green Beans,Frozen,No Name,750 g,2.59,ea,REGULAR
20240520,7074,20161396_EA,20161396,"Peas & Carrots, Club Size",Frozen,No Name,2 kg,6.29,ea,REGULAR
20240520,7074,20155083001_EA,20155083001,Pickled Chunk Beets,Not Available,No Name,750 ml,2.79,ea,REGULAR
20240520,7074,20097482001_EA,20097482001,Spicy Thai Chili Flaked Light Tuna,Not Available,No Name,85 g,1.29,ea,REGULAR
20240520,7074,20975887_EA,20975887,"Pizza Mozzarella Cheese, 28% MF",Dairy & Eggs,No Name,700 g,7.89,ea,REGULAR
20240520,7074,21448475_EA,21448475,Fully Cooked Real Bacon Bits,Not Available,No Name,567 g,17.49,ea,REGULAR
20240520,7076,21394636_EA,21394636,No Name To Go Tumbler - Yellow,Home & Kitchen,No Name,1 ea,5.0,ea,SPECIAL
20240520,7076,20035322_EA,20035322,Tomato Sauce,Not Available,No Name,398 ml,1.69,ea,REGULAR
20240520,7076,20119954_EA,20119954,Sweet Gherkins Pickles ,Not Available,No Name,375 ml,3.0,ea,REGULAR
20240520,7076,21431228_EA,21431228,White Dinner Roll,Bakery,No Name,420 g,2.99,ea,REGULAR
20240520,7076,20144001_EA,20144001,Large Drawstring Garbage Bags,Household Supplies,No Name,20 ea,6.99,ea,REGULAR
20240520,7076,20297898_EA,20297898,Oriental Style Special Blend Of Vegetables ,Frozen,No Name,750 g,2.59,ea,REGULAR
20240520,7076,20051787_EA,20051787,Apple Cider Vinegar,Not Available,No Name,500 ml,1.5,ea,REGULAR
20240520,7076,20647402_EA,20647402,Dried Apricots ,Not Available,No Name,500 g,9.99,ea,REGULAR
20240520,7076,20323762001_EA,20323762001,"Potato and Cheddar Perogies, Club Size",Frozen,No Name,2 kg,4.99,ea,REGULAR
20240520,7076,21120004_EA,21120004,Quick-Tie Regular Multi-purpose Clear Bags,Household Supplies,No Name,40 ea,7.99,ea,REGULAR
20240520,7076,20311578001_EA,20311578001,Multi-Coloured Mini Marshmallows,Not Available,No Name,400 g,2.5,ea,SPECIAL
20240520,7076,21122661_EA,21122661,Southern Fried-Style Coating Mix ,Not Available,No Name,142 g,3.0,ea,REGULAR
20240520,7076,21406992_EA,21406992,Beach Umbrella,Not Available,No Name,1 ea,12.0,ea,SPECIAL
20240520,7076,21406992_EA,21406992,Beach Umbrella,Not Available,No Name,1 ea,12.0,ea,SPECIAL
20240520,7076,21291640_EA,21291640,Sardines,Not Available,No Name,106 g,1.49,ea,REGULAR
20240520,7076,20010471_EA,20010471,Red Wine Vinegar,Not Available,No Name,500 ml,1.69,ea,REGULAR
20240520,7076,20869951_EA,20869951,Giant Oval Roaster with Handle,Household Supplies,No Name,1 ea,5.0,ea,REGULAR
20240520,7076,21301584_EA,21301584,Raspberry Turnover,"Snacks, Chips & Candy",No Name,300 g,2.99,ea,REGULAR
20240520,7076,20001100_EA,20001100,100% Canadian Pure Liquid Honey,Not Available,No Name,375 g,5.29,ea,REGULAR
20240520,7076,20081306_EA,20081306,Condensed Vegetable Soup,Not Available,No Name,284 ml,0.99,ea,SPECIAL
20240520,7076,21042473_EA,21042473,Free and Clear Nature Dirt Release Detergent ,Household Supplies,No Name,2.03 l,4.99,ea,REGULAR
20240520,7077,20118684_EA,20118684,2 Paper Towel Rolls,Household Supplies,No Name,2 ea,2.5,ea,REGULAR
20240520,7077,20322677_EA,20322677,Cheese Flavoured Twists,"Snacks, Chips & Candy",No Name,200 g,2.49,ea,REGULAR
20240520,7077,20325921004_EA,20325921004,Lentils,Not Available,No Name,540 ml,1.49,ea,REGULAR
20240520,7077,20299886002_EA,20299886002,Zesty Pasta Sauce,Not Available,No Name,680 ml,1.79,ea,REGULAR
20240520,7077,21466969_EA,21466969,Apple Cider Vinegar,Not Available,No Name,1 l,2.49,ea,REGULAR
20240520,7077,20889882_EA,20889882,"Crackers and Cheese, Processed Cheese Product","Snacks, Chips & Candy",No Name,3x29.0 g,1.5,ea,REGULAR
20240520,7077,20565358_EA,20565358,Farmer Sausage,Meat,No Name,1 kg,17.0,ea,REGULAR
20240520,7077,20120683_EA,20120683,Tomato Sauce    ,Not Available,No Name,680 ml,1.79,ea,REGULAR
20240520,7077,20120854_EA,20120854,All-Vegetable Shortening,Not Available,No Name,454 g,4.49,ea,REGULAR
20240520,7077,20618885_EA,20618885,Condensed Tomato Soup,Not Available,No Name,284 ml,0.99,ea,SPECIAL
20240520,7077,20031065002_EA,20031065002,Ice Pops,Frozen,No Name,30x75.0 ml,6.29,ea,REGULAR
20240520,7077,21122661_EA,21122661,Southern Fried-Style Coating Mix ,Not Available,No Name,142 g,3.0,ea,REGULAR
20240520,7077,21406992_EA,21406992,Beach Umbrella,Not Available,No Name,1 ea,9.0,ea,SPECIAL
20240520,7077,21406992_EA,21406992,Beach Umbrella,Not Available,No Name,1 ea,9.0,ea,SPECIAL
20240520,7077,20734141_EA,20734141,Knackwurst Smoked Sausages,Meat,No Name,900 g,10.0,ea,REGULAR
20240520,7077,20024033_EA,20024033,Disinfectant Toilet Bowl Cleaner,Household Supplies,No Name,710 ml,3.0,ea,REGULAR
20240520,7077,21457728_EA,21457728,Prepared Yellow Mustard,Not Available,No Name,550 ml,1.89,ea,REGULAR
20240520,7077,20742315_EA,20742315,Marble Cheddar Cheese Slices,Dairy & Eggs,No Name,230 g,4.5,ea,REGULAR
20240520,7077,21030561_EA,21030561,Pepperoni Pizzas,Frozen,No Name,1660 g,12.99,ea,REGULAR
20240520,7077,20081306_EA,20081306,Condensed Vegetable Soup,Not Available,No Name,284 ml,0.99,ea,SPECIAL
20240520,7077,20647402_EA,20647402,Dried Apricots ,Not Available,No Name,500 g,9.99,ea,REGULAR
20240520,7087,21012774_EA,21012774,"Lemon Fresh Dishwashing Liquid, Club Pack",Household Supplies,No Name,5 l,9.99,ea,REGULAR
20240520,7087,20301012_EA,20301012,Mixed Vegetables,Frozen,No Name,750 g,2.59,ea,REGULAR
20240520,7087,20323398001_EA,20323398001,Smooth Light Peanut Butter,Not Available,No Name,2 kg,8.49,ea,REGULAR
20240520,7087,20628590001_EA,20628590001,Chunky Mixed Fruit in Juice From Concentrate,Not Available,No Name,796 ml,3.49,ea,REGULAR
20240520,7087,21218696_EA,21218696,Streak-Free Glass Cleaner ,Household Supplies,No Name,765 ml,2.0,ea,REGULAR
20240520,7087,21108326_EA,21108326,Zipper Snack Bags,Household Supplies,No Name,80 ea,3.0,ea,REGULAR
20240520,7087,21406992_EA,21406992,Beach Umbrella,Not Available,No Name,1 ea,9.0,ea,SPECIAL
20240520,7087,21406992_EA,21406992,Beach Umbrella,Not Available,No Name,1 ea,9.0,ea,SPECIAL
20240520,7087,20325921006_EA,20325921006,Beans Navy,Not Available,No Name,540 ml,1.49,ea,REGULAR
20240520,7087,20304672001_EA,20304672001,Large Marshmallows,Not Available,No Name,400 g,2.5,ea,SPECIAL
20240520,7087,20183986_EA,20183986,Fold Lock Sandwich Bags,Household Supplies,No Name,100 ea,3.0,ea,REGULAR
20240520,7087,21375912_EA,21375912,Multi-Purpose Stain Remover ,Household Supplies,No Name,651 ml,3.99,ea,REGULAR
20240520,7087,20017763_EA,20017763,Marinated Mixed Bean Salad,Not Available,No Name,540 ml,1.99,ea,REGULAR
20240520,7087,20129484_EA,20129484,Pure Lard,Not Available,No Name,454 g,4.29,ea,REGULAR
20240520,7087,20324462002_EA,20324462002,Soy Sauce,Not Available,No Name,450 ml,1.99,ea,REGULAR
20240520,7087,21178745_EA,21178745,"Fully Cooked, Breaded Chicken Nuggets Cutlettes",Frozen,No Name,908 g,6.0,ea,REGULAR
20240520,7134,21394636_EA,21394636,No Name To Go Tumbler - Yellow,Home & Kitchen,No Name,1 ea,5.0,ea,SPECIAL
20240520,7134,20065872_EA,20065872,Seasoned Stuffing Mix,Not Available,No Name,120 g,1.49,ea,REGULAR
20240520,7134,20325921004_EA,20325921004,Lentils,Not Available,No Name,540 ml,1.49,ea,REGULAR
20240520,7134,20299886002_EA,20299886002,Zesty Pasta Sauce,Not Available,No Name,680 ml,1.79,ea,REGULAR
20240520,7134,21466969_EA,21466969,Apple Cider Vinegar,Not Available,No Name,1 l,2.49,ea,REGULAR
20240520,7134,21405438_EA,21405438,Scented Air Freshener Raspberry Gel,Household Supplies,No Name,170 g,1.0,ea,REGULAR
20240520,7134,21082795_EA,21082795,Shredded Nacho Cheese Blend,Dairy & Eggs,No Name,320 g,5.49,ea,REGULAR
20240520,7134,20083786_EA,20083786,Charcoal Starter,Home & Kitchen,No Name,1 ea,3.99,ea,SPECIAL
20240520,7134,20315322001_EA,20315322001,"Large Marshmallows, Club Size",Not Available,No Name,1 kg,5.99,ea,REGULAR
20240520,7134,21509829_EA,21509829,Hot Dog Buns,Bakery,No Name,516 g,2.5,ea,SPECIAL
20240520,7134,20426138_EA,20426138,Sliced Blanched Almonds ,Not Available,No Name,400 g,6.49,ea,REGULAR
20240520,7134,21045313_EA,21045313,"Chicken Wings, Mild BBQ",Frozen,No Name,908 g,12.99,ea,REGULAR
20240520,7134,21406992_EA,21406992,Beach Umbrella,Not Available,No Name,1 ea,12.0,ea,SPECIAL
20240520,7134,21406992_EA,21406992,Beach Umbrella,Not Available,No Name,1 ea,12.0,ea,SPECIAL
20240520,7134,20923840_EA,20923840,"100% Whole Grain Large Flake Oats, Club Pack",Not Available,No Name,2.25 kg,6.49,ea,REGULAR
20240520,7134,20252539_EA,20252539,Condensed Cream of Chicken Soup,Not Available,No Name,284 ml,1.49,ea,REGULAR
20240520,7134,20323398002_EA,20323398002,"Smooth Peanut Butter, Club Size",Not Available,No Name,2 kg,8.49,ea,REGULAR
20240520,7134,21301584_EA,21301584,Raspberry Turnover,"Snacks, Chips & Candy",No Name,300 g,2.99,ea,REGULAR
20240520,7134,20870641_EA,20870641,Freezer Containers with Lids,Household Supplies,No Name,1 ea,5.0,ea,REGULAR
20240520,7134,21291287_EA,21291287,Microwave Butter Flavour Popcorn,"Snacks, Chips & Candy",No Name,1980 g,10.99,ea,REGULAR
20240520,7134,20139160_EA,20139160,Margarine,Dairy & Eggs,No Name,3 kg,14.49,ea,REGULAR
20240520,7135,21394636_EA,21394636,No Name To Go Tumbler - Yellow,Home & Kitchen,No Name,1 ea,5.0,ea,SPECIAL
20240520,7135,20870360_EA,20870360,Storage Containers 20cm x 14cm x 5cm,Household Supplies,No Name,1 ea,5.5,ea,REGULAR
20240520,7135,20774062_C01,20774062,Medium Roast Coffee Pods Club Size,Drinks,No Name,100 ea,32.99,ea,REGULAR
20240520,7135,21099689_EA,21099689,Onion Recipe and Soup Mix,Not Available,No Name,56 g,1.49,ea,REGULAR
20240520,7135,20325160001_EA,20325160001,Unsweetened Medium Coconut,Not Available,No Name,200 g,2.29,ea,REGULAR
20240520,7135,21486531_EA,21486531,Lemon Scent Bleach Club Size ,Household Supplies,No Name,2.4 l,3.99,ea,REGULAR
20240520,7135,20306030_EA,20306030,Original syrup,Not Available,No Name,750 ml,2.99,ea,REGULAR
20240520,7135,20303626_EA,20303626,Fudge-Striped Shortbread Cookies,"Snacks, Chips & Candy",No Name,368 g,3.0,ea,SPECIAL
20240520,7135,20312337002_EA,20312337002,Beef Bouillon Concentrate,Not Available,No Name,500 ml,6.99,ea,REGULAR
20240520,7135,20299886002_EA,20299886002,Zesty Pasta Sauce,Not Available,No Name,680 ml,1.79,ea,REGULAR
20240520,7135,21456014_EA,21456014,Dill Pickle Sour Cream Dip,Dairy & Eggs,No Name,250 g,3.19,ea,REGULAR
20240520,7135,20618890_EA,20618890,Clingstone Peach Slices in Light Syrup,Not Available,No Name,796 ml,3.49,ea,REGULAR
20240520,7135,21406992_EA,21406992,Beach Umbrella,Not Available,No Name,1 ea,12.0,ea,SPECIAL
20240520,7135,21406992_EA,21406992,Beach Umbrella,Not Available,No Name,1 ea,12.0,ea,SPECIAL
20240520,7135,20923840_EA,20923840,"100% Whole Grain Large Flake Oats, Club Pack",Not Available,No Name,2.25 kg,6.49,ea,REGULAR
20240520,7135,21168791_EA,21168791,Pizza Pan/Crisper,Household Supplies,No Name,1 ea,4.0,ea,REGULAR
20240520,7135,20058865_EA,20058865,Salted Blanched Peanuts,"Snacks, Chips & Candy",No Name,2 kg,13.49,ea,REGULAR
20240520,7135,20303626_EA,20303626,Fudge-Striped Shortbread Cookies,"Snacks, Chips & Candy",No Name,368 g,3.0,ea,SPECIAL
20240520,7135,20320439005_EA,20320439005,Peach Drink,Drinks,No Name,2 l,2.0,ea,REGULAR
20240520,7135,21529759_EA,21529759,Cold Water Dirt Release Detergent Club Size,Household Supplies,No Name,6 l,14.99,ea,REGULAR
20240520,7135,21431243_EA,21431243,Dinner Roll,Bakery,No Name,420 g,2.99,ea,REGULAR
20240520,7137,20179276_EA,20179276,No.4 Cone Coffee Filters,Not Available,No Name,100 ea,3.49,ea,REGULAR
20240520,7137,20426318_EA,20426318,Walnut Pieces Club Size,Not Available,No Name,1 kg,16.99,ea,REGULAR
20240520,7137,20425980_EA,20425980,Pecan Halves,Not Available,No Name,400 g,11.49,ea,REGULAR
20240520,7137,21393587_EA,21393587,Medium Roast Coffee Pods,Drinks,No Name,114 g,6.79,ea,REGULAR
20240520,7137,21180125_EA,21180125,Instant Coffee,Drinks,No Name,150 g,4.99,ea,REGULAR
20240520,7137,21384127_EA,21384127,Paper Dessert Plates 40 ,Home & Kitchen,No Name,40 ea,5.5,ea,REGULAR
20240520,7137,20323473001_EA,20323473001,Honey Garlic Sauce,Not Available,No Name,350 ml,2.49,ea,REGULAR
20240520,7137,20022248_EA,20022248,All-Purpose Flour,Not Available,No Name,10 kg,11.99,ea,REGULAR
20240520,7137,20969990001_EA,20969990001,Naturally Imperfect Green Peppers 2.5lb Bag,Fruits & Vegetables,No Name,1130 g,6.0,ea,SPECIAL
20240520,7137,20870022_EA,20870022,Loaf Pans,Household Supplies,No Name,1 ea,3.0,ea,REGULAR
20240520,7137,21406992_EA,21406992,Beach Umbrella,Not Available,No Name,1 ea,9.0,ea,SPECIAL
20240520,7137,20923786_EA,20923786,"Quick 100% Whole Grain Oats, Club Size",Not Available,No Name,2.25 kg,6.49,ea,REGULAR
20240520,7137,20923786_EA,20923786,"Quick 100% Whole Grain Oats, Club Size",Not Available,No Name,2.25 kg,6.49,ea,REGULAR
20240520,7137,20618044_EA,20618044,Nutmeg Ground,Not Available,No Name,125 g,2.49,ea,REGULAR
20240520,7137,20648026_EA,20648026,Sultana Raisins,Not Available,No Name,375 g,4.49,ea,REGULAR
20240520,7137,20160496002_EA,20160496002,Pure Olive Oil,Not Available,No Name,750 ml,11.99,ea,REGULAR
20240520,7137,20617491_EA,20617491,Walnut Pieces,Not Available,No Name,100 g,2.99,ea,REGULAR
20240520,7137,21375900_EA,21375900,Parchment Paper 50m,Household Supplies,No Name,1 ea,11.99,ea,REGULAR
20240520,7137,21214380_EA,21214380,Chocolate Pie Crust,Not Available,No Name,170 g,2.49,ea,REGULAR
20240520,7137,20127455002_EA,20127455002,Slivered Almonds ,Not Available,No Name,100 g,2.79,ea,REGULAR
20240520,7138,21081425_EA,21081425,Beef Rawhide Bones Dog Treats,Pet Supplies,No Name,1 ea,4.99,ea,REGULAR
20240520,7138,20742451_EA,20742451,Medium Cheddar Cheese Slices,Dairy & Eggs,No Name,230 g,4.5,ea,REGULAR
20240520,7138,20869962_EA,20869962,Square Cake Pans with Lids,Household Supplies,No Name,1 ea,5.0,ea,REGULAR
20240520,7138,20058286_EA,20058286,"Plastic Wrap, 30m",Household Supplies,No Name,1 ea,2.49,ea,REGULAR
20240520,7138,20559141002_EA,20559141002,Concentrated Lemonade,Frozen,No Name,283 ml,1.39,ea,REGULAR
20240520,7138,20925950_EA,20925950,Automatic Toilet Bowl Cleaner,Household Supplies,No Name,2x48.0 g,3.0,ea,REGULAR
20240520,7138,21302823_EA,21302823,Regular Potato Chips ,"Snacks, Chips & Candy",No Name,200 g,1.49,ea,REGULAR
20240520,7138,21406992_EA,21406992,Beach Umbrella,Not Available,No Name,1 ea,9.0,ea,SPECIAL
20240520,7138,21406992_EA,21406992,Beach Umbrella,Not Available,No Name,1 ea,9.0,ea,SPECIAL
20240520,7138,20148074_EA,20148074,White Kidney Beans,Not Available,No Name,540 ml,1.49,ea,REGULAR
20240520,7138,21302946_EA,21302946,Salt & Vinegar Potato Chips,"Snacks, Chips & Candy",No Name,200 g,1.49,ea,REGULAR
20240520,7138,21207732_EA,21207732,Lemon Disinfectant All-Purpose Cleaner,Household Supplies,No Name,1.3 l,3.0,ea,REGULAR
20240520,7138,20061719_EA,20061719,Macaroni & Cheese,Deli,No Name,500 g,5.0,ea,REGULAR
20240520,7138,21042475_EA,21042475,Oxi-Burst Dirt Release Detergent ,Household Supplies,No Name,1.92 l,4.99,ea,REGULAR
20240520,7138,20149806_EA,20149806,"Plastic Wrap, Club Size 305m",Household Supplies,No Name,1 ea,10.99,ea,REGULAR
20240520,7138,20430176_EA,20430176,Artificial Vanilla Extract,Not Available,No Name,125 ml,2.99,ea,REGULAR
20240520,7138,20315613004_EA,20315613004,Rotini Pasta,Not Available,No Name,900 g,2.0,ea,REGULAR
20240520,7141,20047452_EA,20047452,No.2 Cone Coffee Filters,Not Available,No Name,100 ea,3.49,ea,REGULAR
20240520,7141,21541429_EA,21541429,"Thin Crust Pizza, Cheese",Frozen,No Name,369 g,3.5,ea,REGULAR
20240520,7141,20788628_EA,20788628,Calorie-Free Sucralose Sweetener Packets,Not Available,No Name,100 ea,4.79,ea,REGULAR
20240520,7141,21213760_EA,21213760,Graham Cracker Pie Crust,Not Available,No Name,170 g,2.79,ea,REGULAR
20240520,7141,21529754_EA,21529754,Macaroni and Cheese Dinner,Not Available,No Name,200 g,0.99,ea,REGULAR
20240520,7141,20013437002_EA,20013437002,"Baking Cups, Giant White, 50-Pack",Household Supplies,No Name,1 ea,2.0,ea,REGULAR
20240520,7141,20321776_EA,20321776,Chocolate Baking Crumbs,Not Available,No Name,400 g,4.49,ea,REGULAR
20240520,7141,21379698_EA,21379698,Unsweetened Apple Sauce,Not Available,No Name,620 ml,3.0,ea,REGULAR
20240520,7141,20031065002_EA,20031065002,Ice Pops,Frozen,No Name,30x75.0 ml,6.29,ea,REGULAR
20240520,7141,21406992_EA,21406992,Beach Umbrella,Not Available,No Name,1 ea,9.0,ea,SPECIAL
20240520,7141,21406992_EA,21406992,Beach Umbrella,Not Available,No Name,1 ea,9.0,ea,SPECIAL
20240520,7141,21315707_EA,21315707,Uncooked Stuffed Breaded Chicken Breast Cutlettes Parmesan,Frozen,No Name,284 g,4.99,ea,REGULAR
20240520,7141,20298199_EA,20298199,Balanced Nutrition Dry Cat Food,Pet Supplies,No Name,8 kg,20.99,ea,REGULAR
20240520,7141,20012327_EA,20012327,Jumbo Smoked Wieners ,Meat,No Name,675 g,9.0,ea,REGULAR
20240520,7141,20295818_EA,20295818,Peas and Carrots,Frozen,No Name,750 g,2.59,ea,REGULAR
20240520,7141,20987666001_EA,20987666001,Naturally Imperfect Pears,Fruits & Vegetables,No Name,2.87 kg,8.0,ea,REGULAR
20240520,7141,21302932_EA,21302932,Ketchup Potato Chips,"Snacks, Chips & Candy",No Name,200 g,1.49,ea,REGULAR
20240520,7141,20040005_EA,20040005,Shrimp Flavour Instant Noodle Soup,Not Available,No Name,85 g,0.39,ea,REGULAR
20240520,7141,20325263_EA,20325263,Polskie Ogórki Dill Pickles,Not Available,No Name,1 l,3.29,ea,REGULAR
20240520,7146,20996039_EA,20996039,"Roasted Peanuts, No Salt",Fruits & Vegetables,No Name,907 g,7.0,ea,REGULAR
20240520,7146,20013427002_EA,20013427002,Mild Salsa,Not Available,No Name,1.89 l,11.49,ea,REGULAR
20240520,7146,20426875_EA,20426875,Whole Almonds,Not Available,No Name,1 kg,20.99,ea,REGULAR
20240520,7146,20307812_EA,20307812,Sliced Manzanilla Olives,Not Available,No Name,375 ml,2.0,ea,REGULAR
20240520,7146,21308192_EA,21308192,Fat Free Sour Cream,Dairy & Eggs,No Name,500 ml,3.19,ea,REGULAR
20240520,7146,20975786_EA,20975786,Medium Cheddar Cheese,Dairy & Eggs,No Name,700 g,7.89,ea,REGULAR
20240520,7146,20013437002_EA,20013437002,"Baking Cups, Giant White, 50-Pack",Household Supplies,No Name,1 ea,2.0,ea,REGULAR
20240520,7146,20139927_EA,20139927,Pine Nuts,Not Available,No Name,100 g,7.99,ea,REGULAR
20240520,7146,21529762_EA,21529762,Fresh Scent Dirt Release Detergent Club Size,Household Supplies,No Name,6 l,14.99,ea,REGULAR
20240520,7146,21406992_EA,21406992,Beach Umbrella,Not Available,No Name,1 ea,9.0,ea,SPECIAL
20240520,7146,21406992_EA,21406992,Beach Umbrella,Not Available,No Name,1 ea,9.0,ea,SPECIAL
20240520,7146,21315707_EA,21315707,Uncooked Stuffed Breaded Chicken Breast Cutlettes Parmesan,Frozen,No Name,284 g,4.99,ea,REGULAR
20240520,7146,20986849_EA,20986849,Dry Crunchy Kibble Dog Food ,Pet Supplies,No Name,1.8 kg,8.99,ea,REGULAR
20240520,7146,20032552002_EA,20032552002,Raspberry Jam With Pectin,Not Available,No Name,500 ml,5.79,ea,REGULAR
20240520,7146,20318062002_EA,20318062002,Barbecue Blanched Peanuts,"Snacks, Chips & Candy",No Name,500 g,4.49,ea,REGULAR
20240520,7146,20701744_EA,20701744,"Club Pack Chicken Wings, Split",Frozen,No Name,2 kg,29.99,ea,REGULAR
20240520,7146,20521655_EA,20521655,Fruit Salad with Cherries in Light Syrup,"Snacks, Chips & Candy",No Name,4x107.0 ml,2.49,ea,REGULAR
20240520,7146,20725249_EA,20725249,"Mopping Pad Refills, 12-Pack",Household Supplies,No Name,1 ea,4.99,ea,REGULAR
20240520,7146,20139160_EA,20139160,Margarine,Dairy & Eggs,No Name,3 kg,14.49,ea,REGULAR
20240520,7147,20047452_EA,20047452,No.2 Cone Coffee Filters,Not Available,No Name,100 ea,3.49,ea,REGULAR
20240520,7147,20141395_EA,20141395,Extra Virgin Olive Oil Club Size,Not Available,No Name,3 l,45.99,ea,REGULAR
20240520,7147,20425980_EA,20425980,Pecan Halves,Not Available,No Name,400 g,11.49,ea,REGULAR
20240520,7147,21013432_EA,21013432,Vanilla Ice Cream Sandwiches,Frozen,No Name,24x120.0 ml,10.0,ea,REGULAR
20240520,7147,21158728_EA,21158728,Reusable Grocery Tote Bag,Home & Kitchen,No Name,1 ea,2.0,ea,REGULAR
20240520,7147,20114154_EA,20114154,Beef Burger 4 Oz,Frozen,No Name,1.36 kg,9.99,ea,SPECIAL
20240520,7147,20023746002_EA,20023746002,Unscented Scoopable Clumping Cat Litter,Not Available,No Name,7 kg,8.99,ea,REGULAR
20240520,7147,20975782_EA,20975782,Light Old Cheddar Cheese ,Dairy & Eggs,No Name,700 g,7.89,ea,REGULAR
20240520,7147,20618577_EA,20618577,Social Tea Biscuits,"Snacks, Chips & Candy",No Name,350 g,3.0,ea,SPECIAL
20240520,7147,20316127_EA,20316127,Medium Cheddar Cheese,Dairy & Eggs,No Name,200 g,3.99,ea,REGULAR
20240520,7147,21406992_EA,21406992,Beach Umbrella,Not Available,No Name,1 ea,9.0,ea,SPECIAL
20240520,7147,20554592_EA,20554592,Fava Beans,Not Available,No Name,540 ml,1.49,ea,REGULAR
20240520,7147,20554592_EA,20554592,Fava Beans,Not Available,No Name,540 ml,1.49,ea,REGULAR
20240520,7147,20923942_EA,20923942,One Minute 100% Whole Grain Oats,Not Available,No Name,900 g,3.0,ea,REGULAR
20240520,7147,20188518_EA,20188518,"100% Canadian Pure Creamed Honey, Club Size",Not Available,No Name,3 kg,24.49,ea,REGULAR
20240520,7147,20971002_EA,20971002,"2-Ply Hypoallergenic Facial Tissues, 126 Sheets",Household Supplies,No Name,6x1.0 ea,7.0,ea,REGULAR
20240520,7147,20866309_EA,20866309,"Cake Pans with Lids, 13x19""",Household Supplies,No Name,1 ea,5.0,ea,REGULAR
20240520,7147,20149246_EA,20149246,Decaffeinated Instant Coffee,Drinks,No Name,150 g,4.99,ea,REGULAR
20240520,7147,21545101_EA,21545101,"Naturally Imperfect Pineapple, Banana, and Mango Fruit Blend",Frozen,No Name,400 g,3.0,ea,REGULAR
20240520,7147,20300473_EA,20300473,Baby Dill Pickles With Garlic,Not Available,No Name,1 l,3.29,ea,REGULAR
20240520,7151,20627614001_EA,20627614001,Light Mayonnaise Type Dressing,Not Available,No Name,890 ml,4.79,ea,REGULAR
20240520,7151,20141395_EA,20141395,Extra Virgin Olive Oil Club Size,Not Available,No Name,3 l,45.99,ea,REGULAR
20240520,7151,20119954_EA,20119954,Sweet Gherkins Pickles ,Not Available,No Name,375 ml,2.99,ea,REGULAR
20240520,7151,20640153_EA,20640153,Pepperoni,Deli,No Name,1 kg,12.0,ea,REGULAR
20240520,7151,20314839003_EA,20314839003,Beans in Tomato Sauce,Not Available,No Name,398 ml,0.99,ea,SPECIAL
20240520,7151,20002659_EA,20002659,Semi-Sweet Chocolate Chips,Not Available,No Name,300 g,3.99,ea,REGULAR
20240520,7151,21406992_EA,21406992,Beach Umbrella,Not Available,No Name,1 ea,9.0,ea,SPECIAL
20240520,7151,21406992_EA,21406992,Beach Umbrella,Not Available,No Name,1 ea,9.0,ea,SPECIAL
20240520,7151,20102426_EA,20102426,Tomato Ketchup,Not Available,No Name,1 l,3.29,ea,REGULAR
20240520,7151,20010471_EA,20010471,Red Wine Vinegar,Not Available,No Name,500 ml,1.69,ea,REGULAR
20240520,7151,21207732_EA,21207732,Lemon Disinfectant All-Purpose Cleaner,Household Supplies,No Name,1.3 l,3.0,ea,REGULAR
20240520,7151,21393594_EA,21393594,Dark Roast Coffee Pods,Drinks,No Name,114 g,6.79,ea,REGULAR
20240520,7151,20869951_EA,20869951,Giant Oval Roaster with Handle,Household Supplies,No Name,1 ea,5.0,ea,REGULAR
20240520,7151,21486532_EA,21486532,Bleach Club Size ,Household Supplies,No Name,2.4 l,3.99,ea,REGULAR
20240520,7151,20085278_EA,20085278,Household Cleanser With Bleach ,Household Supplies,No Name,400 g,1.0,ea,REGULAR
20240520,7151,21178745_EA,21178745,"Fully Cooked, Breaded Chicken Nuggets Cutlettes",Frozen,No Name,908 g,6.0,ea,REGULAR
20240520,7158,20047452_EA,20047452,No.2 Cone Coffee Filters,Not Available,No Name,100 ea,3.49,ea,REGULAR
20240520,7158,21405449_EA,21405449,Scented Air Freshener Coconut Gel,Household Supplies,No Name,170 g,1.0,ea,REGULAR
20240520,7158,20180368002_EA,20180368002,Blueberry Waffles,Frozen,No Name,560 g,4.99,ea,REGULAR
20240520,7158,20305854_EA,20305854,Old Cheddar Cheese,Dairy & Eggs,No Name,200 g,3.99,ea,REGULAR
20240520,7158,21158728_EA,21158728,Reusable Grocery Tote Bag,Home & Kitchen,No Name,1 ea,2.0,ea,REGULAR
20240520,7158,20189069_EA,20189069,"100% Canadian Pure Liquid Honey, Club Pack",Not Available,No Name,3 kg,24.99,ea,REGULAR
20240520,7158,20322093002_EA,20322093002,Blueberry Waffles,Frozen,No Name,1680 g,14.49,ea,REGULAR
20240520,7158,20053787_EA,20053787,Sweet Green Relish,Not Available,No Name,750 ml,2.99,ea,REGULAR
20240520,7158,20618885_EA,20618885,Condensed Tomato Soup,Not Available,No Name,284 ml,0.99,ea,SPECIAL
20240520,7158,20795391_EA,20795391,Plain Tops Soda Crackers,"Snacks, Chips & Candy",No Name,454 g,3.29,ea,REGULAR
20240520,7158,21406992_EA,21406992,Beach Umbrella,Not Available,No Name,1 ea,12.0,ea,SPECIAL
20240520,7158,20618772_EA,20618772,Curry Powder,Not Available,No Name,125 g,2.49,ea,REGULAR
20240520,7158,20618772_EA,20618772,Curry Powder,Not Available,No Name,125 g,2.49,ea,REGULAR
20240520,7158,20096883_EA,20096883,All-Beef Wieners,Meat,No Name,450 g,7.0,ea,REGULAR
20240520,7158,20647404_EA,20647404,Pitted Dates,Not Available,No Name,500 g,3.99,ea,REGULAR
20240520,7158,20937529_EA,20937529,Naturally Imperfect White Mushrooms,Fruits & Vegetables,No Name,680 g,5.0,ea,SPECIAL
20240520,7158,20321193004_EA,20321193004,Penne Rigate Pasta,Not Available,No Name,500 g,1.49,ea,REGULAR
20240520,7158,20171622_EA,20171622,Pecan Pieces,Not Available,No Name,100 g,2.99,ea,REGULAR
20240520,7158,20041626_EA,20041626,Whole Artichoke Hearts,Not Available,No Name,398 ml,3.79,ea,REGULAR
20240520,7158,20725295_EA,20725295,Lemon Scented Wet Mop Refills With Scrubber Strip,Household Supplies,No Name,12 ea,5.0,ea,REGULAR
20240520,7159,20047452_EA,20047452,No.2 Cone Coffee Filters,Not Available,No Name,100 ea,3.49,ea,REGULAR
20240520,7159,21097615_EA,21097615,Crushed Pineapple in Pineapple Juice,Not Available,No Name,540 ml,1.79,ea,REGULAR
20240520,7159,20788628_EA,20788628,Calorie-Free Sucralose Sweetener Packets,Not Available,No Name,100 ea,4.79,ea,REGULAR
20240520,7159,20648023_EA,20648023,Golden Seedless Raisins,Not Available,No Name,750 g,7.99,ea,REGULAR
20240520,7159,21158728_EA,21158728,Reusable Grocery Tote Bag,Home & Kitchen,No Name,1 ea,2.0,ea,REGULAR
20240520,7159,20316412_EA,20316412,California Blend Mixed Vegetables,Frozen,No Name,750 g,2.59,ea,REGULAR
20240520,7159,20742893_EA,20742893,Swiss Cheese Slices,Dairy & Eggs,No Name,210 g,4.5,ea,REGULAR
20240520,7159,20312587_EA,20312587,Mixed Vegetables,Not Available,No Name,398 ml,1.29,ea,REGULAR
20240520,7159,21097615_EA,21097615,Crushed Pineapple in Pineapple Juice,Not Available,No Name,540 ml,1.79,ea,REGULAR
20240520,7159,20299886002_EA,20299886002,Zesty Pasta Sauce,Not Available,No Name,680 ml,1.79,ea,REGULAR
20240520,7159,21406992_EA,21406992,Beach Umbrella,Not Available,No Name,1 ea,12.0,ea,SPECIAL
20240520,7159,20628585001_EA,20628585001,Clingstone Peach Slices in Juice From Concentrate,Not Available,No Name,398 ml,1.99,ea,REGULAR
20240520,7159,20628585001_EA,20628585001,Clingstone Peach Slices in Juice From Concentrate,Not Available,No Name,398 ml,1.99,ea,REGULAR
20240520,7159,21154105_EA,21154105,Dry Dog Food Crunchy Kibbles & Nibbles For Dogs ,Pet Supplies,No Name,15.8 kg,34.99,ea,REGULAR
20240520,7159,21285907001_EA,21285907001,Mini Cucumber,Fruits & Vegetables,No Name,680 g,3.0,ea,SPECIAL
20240520,7159,20040005_EA,20040005,Shrimp Flavour Instant Noodle Soup,Not Available,No Name,85 g,0.39,ea,REGULAR
20240520,7159,20701744_EA,20701744,"Club Pack Chicken Wings, Split",Frozen,No Name,2 kg,29.99,ea,REGULAR
20240520,7159,21455936_EA,21455936,Herb and Spice Sour Cream Dip,Dairy & Eggs,No Name,250 g,3.19,ea,REGULAR
20240520,7159,20298902_EA,20298902,Three Fruit Marmalade With Pectin,Not Available,No Name,500 ml,4.79,ea,REGULAR
20240520,7159,20161597_EA,20161597,Capers,Not Available,No Name,100 ml,2.5,ea,REGULAR
20240520,7166,20047452_EA,20047452,No.2 Cone Coffee Filters,Not Available,No Name,100 ea,3.49,ea,REGULAR
20240520,7166,20870360_EA,20870360,Storage Containers 20cm x 14cm x 5cm,Household Supplies,No Name,1 ea,5.5,ea,REGULAR
20240520,7166,20872407_EA,20872407,Poultry Pan,Household Supplies,No Name,1 ea,2.0,ea,REGULAR
20240520,7166,21507048_EA,21507048,"Bleach, Lemon Scent",Household Supplies,No Name,1.27 l,2.49,ea,REGULAR
20240520,7166,21158728_EA,21158728,Reusable Grocery Tote Bag,Home & Kitchen,No Name,1 ea,2.0,ea,REGULAR
20240520,7166,20311281_EA,20311281,Apple Juice,Drinks,No Name,1.75 l,2.99,ea,REGULAR
20240520,7166,20742893_EA,20742893,Swiss Cheese Slices,Dairy & Eggs,No Name,210 g,4.5,ea,REGULAR
20240520,7166,20870423_EA,20870423,"Electric Burner Liners, Large",Household Supplies,No Name,6 ea,3.5,ea,REGULAR
20240520,7166,20307131001_EA,20307131001,Sweetened Shredded Coconut,Not Available,No Name,200 g,2.29,ea,REGULAR
20240520,7166,20075199001_EA,20075199001,Fruit Bowl Variety Pack,"Snacks, Chips & Candy",No Name,16x107.0 ml,9.99,ea,REGULAR
20240520,7166,21406992_EA,21406992,Beach Umbrella,Not Available,No Name,1 ea,12.0,ea,SPECIAL
20240520,7166,21045313_EA,21045313,"Chicken Wings, Mild BBQ",Frozen,No Name,908 g,13.99,ea,REGULAR
20240520,7166,21045313_EA,21045313,"Chicken Wings, Mild BBQ",Frozen,No Name,908 g,13.99,ea,REGULAR
20240520,7166,21409686_EA,21409686,Fruit Cocktail In Water,Not Available,No Name,398 ml,1.99,ea,REGULAR
20240520,7166,20015813_EA,20015813,Crispy Southern Style Chicken,Frozen,No Name,1 kg,18.99,ea,REGULAR
20240520,7166,21291287_EA,21291287,Microwave Butter Flavour Popcorn,"Snacks, Chips & Candy",No Name,1980 g,10.99,ea,REGULAR
20240520,7166,21082795_EA,21082795,Shredded Nacho Cheese Blend,Dairy & Eggs,No Name,320 g,5.79,ea,REGULAR
20240520,7166,20293477_EA,20293477,Roasted Peanuts In Shell,Fruits & Vegetables,No Name,2 kg,10.0,ea,SPECIAL
20240520,7166,21214380_EA,21214380,Chocolate Pie Crust,Not Available,No Name,170 g,2.49,ea,REGULAR
20240520,7166,20964652_EA,20964652,"Bathroom Tissue, 12 Rolls",Household Supplies,No Name,12 ea,5.0,ea,REGULAR
20240520,7167,20996039_EA,20996039,"Roasted Peanuts, No Salt",Fruits & Vegetables,No Name,907 g,6.5,ea,REGULAR
20240520,7167,21380631_EA,21380631,Dark Roast Ground Coffee,Drinks,No Name,925 g,8.99,ea,REGULAR
20240520,7167,20309769_EA,20309769,Shredded Cheddar & Monterey Jack Cheese Blend,Dairy & Eggs,No Name,900 g,14.49,ea,REGULAR
20240520,7167,20109368_EA,20109368,Balanced Nutrition For Dogs,Pet Supplies,No Name,16 kg,29.99,ea,REGULAR
20240520,7167,20642581_EA,20642581,Lemon Juice,Drinks,No Name,946 ml,2.29,ea,REGULAR
20240520,7167,20503035004_EA,20503035004,Grape Drink Boxes,Drinks,No Name,10x200.0 ml,3.0,ea,REGULAR
20240520,7167,20299735_EA,20299735,Regular Quick-Tie Kitchen Garbage Bags ,Household Supplies,No Name,48 ea,5.49,ea,REGULAR
20240520,7167,20035322_EA,20035322,Tomato Sauce,Not Available,No Name,398 ml,1.69,ea,REGULAR
20240520,7167,20032552001_EA,20032552001,Strawberry Jam With Pectin,Not Available,No Name,500 ml,4.79,ea,REGULAR
20240520,7167,21406992_EA,21406992,Beach Umbrella,Not Available,No Name,1 ea,9.0,ea,SPECIAL
20240520,7167,21406992_EA,21406992,Beach Umbrella,Not Available,No Name,1 ea,9.0,ea,SPECIAL
20240520,7167,20617756_EA,20617756,Sesame Seeds,Not Available,No Name,150 g,2.49,ea,REGULAR
20240520,7167,20093190_EA,20093190,Lasagna Pasta,Not Available,No Name,500 g,2.49,ea,REGULAR
20240520,7167,21386782_EA,21386782,Fresh Scent Disinfectant Wipes,Household Supplies,No Name,35 ea,3.0,ea,REGULAR
20240520,7167,20642581_EA,20642581,Lemon Juice,Drinks,No Name,946 ml,2.29,ea,REGULAR
20240520,7167,20315613006_EA,20315613006,Penne Rigate Pasta,Not Available,No Name,900 g,2.0,ea,REGULAR
20240520,7167,20297188001_EA,20297188001,Cheese Rice Crackers,"Snacks, Chips & Candy",No Name,100 g,1.49,ea,REGULAR
20240520,7167,20322987_EA,20322987,5% M.F. Light Sour Cream,Dairy & Eggs,No Name,500 ml,2.89,ea,REGULAR
20240520,7167,20628489005_EA,20628489005,Thousand Island Dressing,Not Available,No Name,475 ml,2.49,ea,REGULAR
20240520,7175,21394636_EA,21394636,No Name To Go Tumbler - Yellow,Home & Kitchen,No Name,1 ea,5.0,ea,SPECIAL
20240520,7175,20331973_EA,20331973,Farmer's Marble Cheese ,Dairy & Eggs,No Name,200 g,3.99,ea,REGULAR
20240520,7175,20628489002_EA,20628489002,Italian Dressing,Not Available,No Name,475 ml,2.79,ea,REGULAR
20240520,7175,21377033_EA,21377033,Beef Bouillon Concentrate,Not Available,No Name,250 ml,5.29,ea,REGULAR
20240520,7175,20318892001_EA,20318892001,Original Snack Crackers,"Snacks, Chips & Candy",No Name,225 g,2.99,ea,REGULAR
20240520,7175,20793444001_EA,20793444001,Chocolate Ice Milk ,Frozen,No Name,4 l,5.99,ea,REGULAR
20240520,7175,21358883_EA,21358883,Oxi-Burst Stain Remover,Household Supplies,No Name,1.36 kg,6.99,ea,REGULAR
20240520,7175,20054575_EA,20054575,Elbow Macaroni Pasta,Not Available,No Name,2 kg,4.79,ea,REGULAR
20240520,7175,20845247_EA,20845247,"Cheese, Pizza Mozzarella",Dairy & Eggs,No Name,2.4 kg,29.99,ea,REGULAR
20240520,7175,20104196_EA,20104196,Margarine,Dairy & Eggs,No Name,907 g,4.99,ea,REGULAR
20240520,7175,21406992_EA,21406992,Beach Umbrella,Not Available,No Name,1 ea,12.0,ea,SPECIAL
20240520,7175,21045311_EA,21045311,"Chicken Wings, Honey Garlic",Frozen,No Name,908 g,12.99,ea,REGULAR
20240520,7175,21045311_EA,21045311,"Chicken Wings, Honey Garlic",Frozen,No Name,908 g,12.99,ea,REGULAR
20240520,7175,21409686_EA,21409686,Fruit Cocktail In Water,Not Available,No Name,398 ml,1.99,ea,REGULAR
20240520,7175,20725301_EA,20725301,Deluxe Duster Kit,Household Supplies,No Name,3 pack,4.99,ea,REGULAR
20240520,7175,20106862_EA,20106862,Balanced Nutrition For Dogs,Pet Supplies,No Name,2 kg,7.99,ea,REGULAR
20240520,7175,21529754_EA,21529754,Macaroni and Cheese Dinner,Not Available,No Name,200 g,0.79,ea,REGULAR
20240520,7175,20725249_EA,20725249,"Mopping Pad Refills, 12-Pack",Household Supplies,No Name,1 ea,4.99,ea,REGULAR
20240520,7175,20081306_EA,20081306,Condensed Vegetable Soup,Not Available,No Name,284 ml,0.99,ea,SPECIAL
20240520,7175,20301246003_EA,20301246003,Shrimp Flavour Instant Noodle Soup,Not Available,No Name,65 g,0.99,ea,REGULAR
20240520,7177,20047452_EA,20047452,No.2 Cone Coffee Filters,Not Available,No Name,100 ea,3.49,ea,REGULAR
20240520,7177,20869964_EA,20869964,Loaf Pans with Lids,Household Supplies,No Name,2 ea,3.5,ea,REGULAR
20240520,7177,21099689_EA,21099689,Onion Recipe and Soup Mix,Not Available,No Name,56 g,1.49,ea,REGULAR
20240520,7177,20181225_EA,20181225,"Sweetened Shredded Coconut, Club Size",Not Available,No Name,1 kg,9.49,ea,REGULAR
20240520,7177,20316375003_EA,20316375003,Buttermilk Waffles,Frozen,No Name,280 g,2.5,ea,REGULAR
20240520,7177,21384158_EA,21384158,Paper Dessert Plates Club Size  ,Home & Kitchen,No Name,125 ea,13.5,ea,REGULAR
20240520,7177,21486532_EA,21486532,Bleach Club Size ,Household Supplies,No Name,2.4 l,3.99,ea,REGULAR
20240520,7177,20647402_EA,20647402,Dried Apricots ,Not Available,No Name,500 g,9.49,ea,REGULAR
20240520,7177,21221013_EA,21221013,Cheddar Flavour Processed Cheese Product Slices,Dairy & Eggs,No Name,800 g,6.79,ea,REGULAR
20240520,7177,20081753_EA,20081753,Regular Garbage Bags Club Size,Household Supplies,No Name,100 ea,15.99,ea,REGULAR
20240520,7177,20181003_EA,20181003,All-Purpose Reusable Cloth,Household Supplies,No Name,10 ea,3.5,ea,REGULAR
20240520,7177,20618890_EA,20618890,Clingstone Peach Slices in Light Syrup,Not Available,No Name,796 ml,3.49,ea,REGULAR
20240520,7177,21406992_EA,21406992,Beach Umbrella,Not Available,No Name,1 ea,9.0,ea,SPECIAL
20240520,7177,21406992_EA,21406992,Beach Umbrella,Not Available,No Name,1 ea,9.0,ea,SPECIAL
20240520,7177,20618823_EA,20618823,Fruit Cocktail in Light Syrup,Not Available,No Name,796 ml,3.49,ea,REGULAR
20240520,7177,21545106_EA,21545106,Naturally Imperfect Sliced Strawberries,Frozen,No Name,400 g,3.0,ea,REGULAR
20240520,7177,21489589_EA,21489589,Bleach,Household Supplies,No Name,1.27 l,2.99,ea,REGULAR
20240520,7177,21464491_EA,21464491,"Paper Straws, 50 Straws",Not Available,No Name,50 ea,1.5,ea,REGULAR
20240520,7177,20097482001_EA,20097482001,Spicy Thai Chili Flaked Light Tuna,Not Available,No Name,85 g,1.29,ea,REGULAR
20240520,7177,21291287_EA,21291287,Microwave Butter Flavour Popcorn,"Snacks, Chips & Candy",No Name,1980 g,10.99,ea,REGULAR
20240520,7177,21448475_EA,21448475,Fully Cooked Real Bacon Bits,Not Available,No Name,567 g,17.49,ea,REGULAR
20240520,7182,21081327_EA,21081327,Beef Rawhide Bones Dog Treats,Pet Supplies,No Name,1 ea,21.99,ea,REGULAR
20240520,7182,20606356_EA,20606356,Honey Graham Wafers,"Snacks, Chips & Candy",No Name,400 g,4.79,ea,REGULAR
20240520,7182,20140914_EA,20140914,Marinated Quartered Artichoke Hearts,Not Available,No Name,170 ml,2.0,ea,REGULAR
20240520,7182,20521654_EA,20521654,Mandarin Oranges in Light Syrup,"Snacks, Chips & Candy",No Name,4x107.0 ml,2.29,ea,REGULAR
20240520,7182,20083786_EA,20083786,Charcoal Starter,Home & Kitchen,No Name,1 ea,3.99,ea,SPECIAL
20240520,7182,21042473_EA,21042473,Free and Clear Nature Dirt Release Detergent ,Household Supplies,No Name,2.03 l,4.99,ea,REGULAR
20240520,7182,20161576_EA,20161576,"Lemon Scent Dirt Release Powder Laundry Detergent, Club Pack",Household Supplies,No Name,14.5 kg,23.99,ea,REGULAR
20240520,7182,21308578_EA,21308578,Black Oil & Striped Sunflower Wild Bird Seed Mix,Pet Supplies,No Name,4 kg,13.99,ea,REGULAR
20240520,7182,20176087_EA,20176087,Salami Chub,Deli,No Name,500 g,6.0,ea,REGULAR
20240520,7182,21406992_EA,21406992,Beach Umbrella,Not Available,No Name,1 ea,9.0,ea,SPECIAL
20240520,7182,21406992_EA,21406992,Beach Umbrella,Not Available,No Name,1 ea,9.0,ea,SPECIAL
20240520,7182,20923994_EA,20923994,100% Whole Grain Large Flake Oats,Not Available,No Name,1 kg,2.79,ea,REGULAR
20240520,7182,20986849_EA,20986849,Dry Crunchy Kibble Dog Food ,Pet Supplies,No Name,1.8 kg,8.99,ea,REGULAR
20240520,7182,20911023_EA,20911023,Original Cream Cheese Spread ,Dairy & Eggs,No Name,340 g,4.69,ea,REGULAR
20240520,7182,20869951_EA,20869951,Giant Oval Roaster with Handle,Household Supplies,No Name,1 ea,5.0,ea,REGULAR
20240520,7182,21515715_EA,21515715,Paper Cups 100 Pack,Not Available,No Name,100 ea,4.5,ea,REGULAR
20240520,7182,21289706_EA,21289706,Light Part Skim Mozzarella Cheese,Dairy & Eggs,No Name,400 g,5.99,ea,REGULAR
20240520,7182,21289734_EA,21289734,Marble Cheddar Cheese Light,Dairy & Eggs,No Name,400 g,5.99,ea,REGULAR
20240520,7182,21540823_EA,21540823,Chewy Chocolate Chip Granola Bars,"Snacks, Chips & Candy",No Name,120 g,1.99,ea,REGULAR
20240520,7188,20996039_EA,20996039,"Roasted Peanuts, No Salt",Fruits & Vegetables,No Name,907 g,6.5,ea,REGULAR
20240520,7188,20426318_EA,20426318,Walnut Pieces Club Size,Not Available,No Name,1 kg,16.99,ea,REGULAR
20240520,7188,21289729_EA,21289729,"Old Cheddar Cheese, Light",Dairy & Eggs,No Name,400 g,5.99,ea,REGULAR
20240520,7188,20307812_EA,20307812,Sliced Manzanilla Olives,Not Available,No Name,375 ml,1.99,ea,REGULAR
20240520,7188,20303890001_EA,20303890001,Refried Pinto Beans ,Not Available,No Name,398 ml,3.0,ea,REGULAR
20240520,7188,20023746002_EA,20023746002,Unscented Scoopable Clumping Cat Litter,Not Available,No Name,7 kg,8.99,ea,REGULAR
20240520,7188,20304664_EA,20304664,Light 5% M.F. Sour Cream ,Dairy & Eggs,No Name,250 ml,2.19,ea,REGULAR
20240520,7188,21486531_EA,21486531,Lemon Scent Bleach Club Size ,Household Supplies,No Name,2.4 l,3.99,ea,REGULAR
20240520,7188,20338236_EA,20338236,Celebration Trail Mix,"Snacks, Chips & Candy",No Name,1 kg,10.99,ea,REGULAR
20240520,7188,20311578001_EA,20311578001,Multi-Coloured Mini Marshmallows,Not Available,No Name,400 g,2.5,ea,SPECIAL
20240520,7188,21406992_EA,21406992,Beach Umbrella,Not Available,No Name,1 ea,9.0,ea,SPECIAL
20240520,7188,20618039_EA,20618039,Ground Thyme,Not Available,No Name,80 g,2.49,ea,REGULAR
20240520,7188,20618039_EA,20618039,Ground Thyme,Not Available,No Name,80 g,2.49,ea,REGULAR
20240520,7188,21064875_EA,21064875,Italian Sub Variety Pack Sliced,Deli,No Name,375 g,5.0,ea,REGULAR
20240520,7188,20304672002_EA,20304672002,Mini Marshmallows,Not Available,No Name,400 g,2.5,ea,SPECIAL
20240520,7188,20554593_EA,20554593,Dark Red Kidney Beans,Not Available,No Name,540 ml,1.49,ea,REGULAR
20240520,7188,21289738_EA,21289738,Light Medium Cheddar Cheese,Dairy & Eggs,No Name,400 g,5.99,ea,REGULAR
20240520,7188,21297807_EA,21297807,Bagel Whole Wheat,Bakery,No Name,510 g,1.97,ea,SPECIAL
20240520,7188,21417123_EA,21417123,Large Kitchen Garbage Bags,Household Supplies,No Name,40 ea,5.49,ea,REGULAR
20240520,7188,21455936_EA,21455936,Herb and Spice Sour Cream Dip,Dairy & Eggs,No Name,250 g,3.19,ea,REGULAR
20240520,7189,20315944_EA,20315944,Chocolate Ice Milk,Frozen,No Name,4 l,5.99,ea,REGULAR
20240520,7189,21124368001_EA,21124368001,Naturally Imperfect Limes,Fruits & Vegetables,No Name,907 g,6.0,ea,REGULAR
20240520,7189,20322093001_EA,20322093001,Original Waffles,Frozen,No Name,1680 g,12.49,ea,REGULAR
20240520,7190,21124368001_EA,21124368001,Naturally Imperfect Limes,Fruits & Vegetables,No Name,907 g,6.0,ea,REGULAR
20240520,7190,21124368001_EA,21124368001,Naturally Imperfect Limes,Fruits & Vegetables,No Name,907 g,6.0,ea,REGULAR
20240520,7191,21394636_EA,21394636,No Name To Go Tumbler - Yellow,Home & Kitchen,No Name,1 ea,5.0,ea,REGULAR
20240520,7191,20870337_EA,20870337,Round Storage Containers with Lids,Household Supplies,No Name,3 ea,5.0,ea,REGULAR
20240520,7191,20180368002_EA,20180368002,Blueberry Waffles,Frozen,No Name,560 g,4.99,ea,REGULAR
20240520,7191,20140914_EA,20140914,Marinated Quartered Artichoke Hearts,Not Available,No Name,170 ml,2.0,ea,REGULAR
20240520,7191,20303890001_EA,20303890001,Refried Pinto Beans ,Not Available,No Name,398 ml,3.0,ea,REGULAR
20240520,7191,20136828_EA,20136828,"2-Ply Hypoallergenic Facial Tissues, 90 Sheets",Household Supplies,No Name,1 ea,2.0,ea,REGULAR
20240520,7191,21486531_EA,21486531,Lemon Scent Bleach Club Size ,Household Supplies,No Name,2.4 l,3.99,ea,REGULAR
20240520,7191,20027032_EA,20027032,Cooked Ham,Not Available,No Name,454 g,5.49,ea,REGULAR
20240520,7191,20047715_EA,20047715,100% Extra Virgin Olive Oil,Not Available,No Name,750 ml,11.99,ea,REGULAR
20240520,7191,20426138_EA,20426138,Sliced Blanched Almonds ,Not Available,No Name,400 g,7.99,ea,REGULAR
20240520,7191,21406992_EA,21406992,Beach Umbrella,Not Available,No Name,1 ea,9.0,ea,SPECIAL
20240520,7191,20891403_EA,20891403,Stuffed Chicken with Jalapeno & Cheese,Frozen,No Name,284 g,4.79,ea,REGULAR
20240520,7191,20891403_EA,20891403,Stuffed Chicken with Jalapeno & Cheese,Frozen,No Name,284 g,4.79,ea,REGULAR
20240520,7191,20618044_EA,20618044,Nutmeg Ground,Not Available,No Name,125 g,2.49,ea,REGULAR
20240520,7191,21302946_EA,21302946,Salt & Vinegar Potato Chips,"Snacks, Chips & Candy",No Name,200 g,1.49,ea,REGULAR
20240520,7191,21489589_EA,21489589,Bleach,Household Supplies,No Name,1.27 l,2.49,ea,REGULAR
20240520,7191,20647401_EA,20647401,Thompson Seedless Raisins  ,Not Available,No Name,375 g,4.49,ea,REGULAR
20240520,7191,20320439005_EA,20320439005,Peach Drink,Drinks,No Name,2 l,2.0,ea,REGULAR
20240520,7191,21214380_EA,21214380,Chocolate Pie Crust,Not Available,No Name,170 g,2.49,ea,REGULAR
20240520,7191,21042473_EA,21042473,Free and Clear Nature Dirt Release Detergent ,Household Supplies,No Name,2.03 l,4.99,ea,REGULAR
20240520,7192,21394636_EA,21394636,No Name To Go Tumbler - Yellow,Home & Kitchen,No Name,1 ea,5.0,ea,SPECIAL
20240520,7192,20312337002_EA,20312337002,Beef Bouillon Concentrate,Not Available,No Name,500 ml,7.29,ea,REGULAR
20240520,7192,20552134003_EA,20552134003,Concentrated Grape Punch,Frozen,No Name,283 ml,1.39,ea,REGULAR
20240520,7192,20872407_EA,20872407,Poultry Pan,Household Supplies,No Name,1 ea,2.0,ea,REGULAR
20240520,7192,21297784_EA,21297784,"Bagel Cinnamon Raisin, 6 pack",Bakery,No Name,510 g,1.97,ea,SPECIAL
20240520,7192,20031869_EA,20031869,"All-Purpose Reusable Cloths, 40 Sheets",Household Supplies,No Name,1 ea,6.99,ea,REGULAR
20240520,7192,20315413002_EA,20315413002,Sweet & Salty Almond Chewy Nut Bars,"Snacks, Chips & Candy",No Name,175 g,1.99,ea,REGULAR
20240520,7192,20017493_EA,20017493,Whipped Topping ,Dairy & Eggs,No Name,225 g,3.69,ea,REGULAR
20240520,7192,20016594_EA,20016594,Corn Syrup,Not Available,No Name,1 l,5.49,ea,REGULAR
20240520,7192,20307812_EA,20307812,Sliced Manzanilla Olives,Not Available,No Name,375 ml,1.99,ea,REGULAR
20240520,7192,20325561_EA,20325561,Dill Chips Pickles ,Not Available,No Name,1 l,3.29,ea,REGULAR
20240520,7192,20923786_EA,20923786,"Quick 100% Whole Grain Oats, Club Size",Not Available,No Name,2.25 kg,6.49,ea,REGULAR
20240520,7192,21406992_EA,21406992,Beach Umbrella,Not Available,No Name,1 ea,12.0,ea,SPECIAL
20240520,7192,21406992_EA,21406992,Beach Umbrella,Not Available,No Name,1 ea,12.0,ea,SPECIAL
20240520,7192,20618882_EA,20618882,Clingstone Peach Halves in Light Syrup    ,Not Available,No Name,796 ml,3.49,ea,REGULAR
20240520,7192,21545106_EA,21545106,Naturally Imperfect Sliced Strawberries,Frozen,No Name,400 g,3.0,ea,REGULAR
20240520,7192,20316388_EA,20316388,Mixed Vegetables,Frozen,No Name,2 kg,6.29,ea,REGULAR
20240520,7192,20298902_EA,20298902,Three Fruit Marmalade With Pectin,Not Available,No Name,500 ml,4.79,ea,REGULAR
20240520,7192,20127455001_EA,20127455001,Sliced Blanched Almonds ,Not Available,No Name,100 g,2.79,ea,REGULAR
20240520,7192,20126627_EA,20126627,Cocktail Glass 90Z,Home & Kitchen,No Name,50x50.0 ea,5.5,ea,REGULAR
20240520,7192,20325263_EA,20325263,Polskie Ogórki Dill Pickles,Not Available,No Name,1 l,3.29,ea,REGULAR
20240520,7206,21081340_EA,21081340,Beef Rawhide Bagels Dog Treats,Pet Supplies,No Name,1 ea,14.99,ea,REGULAR
20240520,7206,20320439004_EA,20320439004,Grape Drink,Drinks,No Name,2 l,2.0,ea,REGULAR
20240520,7206,20309769_EA,20309769,Shredded Cheddar & Monterey Jack Cheese Blend,Dairy & Eggs,No Name,900 g,14.49,ea,REGULAR
20240520,7206,20174511_EA,20174511,Parsley Flakes ,Not Available,No Name,85 g,4.49,ea,REGULAR
20240520,7206,20685574001_EA,20685574001,Stirred Yogurts 0 % M.F.,Dairy & Eggs,No Name,12x100.0 g,5.79,ea,REGULAR
20240520,7206,20975786_EA,20975786,Medium Cheddar Cheese,Dairy & Eggs,No Name,700 g,9.99,ea,REGULAR
20240520,7206,21096226_EA,21096226,Seasoned Croutons,Not Available,No Name,145 g,2.0,ea,SPECIAL
20240520,7206,21302823_EA,21302823,Regular Potato Chips ,"Snacks, Chips & Candy",No Name,200 g,1.49,ea,REGULAR
20240520,7206,20181003_EA,20181003,All-Purpose Reusable Cloth,Household Supplies,No Name,10 ea,3.5,ea,REGULAR
20240520,7206,21406992_EA,21406992,Beach Umbrella,Not Available,No Name,1 ea,9.0,ea,SPECIAL
20240520,7206,21406992_EA,21406992,Beach Umbrella,Not Available,No Name,1 ea,9.0,ea,SPECIAL
20240520,7206,20923994_EA,20923994,100% Whole Grain Large Flake Oats,Not Available,No Name,1 kg,2.79,ea,REGULAR
20240520,7206,20298199_EA,20298199,Balanced Nutrition Dry Cat Food,Pet Supplies,No Name,8 kg,20.99,ea,REGULAR
20240520,7206,21302793_EA,21302793,Sour Cream & Onion Potato Chips ,"Snacks, Chips & Candy",No Name,200 g,1.49,ea,REGULAR
20240520,7206,20793444002_EA,20793444002,Ice Milk Neapolitan Club Size,Frozen,No Name,4 l,5.99,ea,REGULAR
20240520,7206,20163323_EA,20163323,Baking Powder,Not Available,No Name,450 g,5.0,ea,SPECIAL
20240520,7206,20321776_EA,20321776,Chocolate Baking Crumbs,Not Available,No Name,400 g,4.49,ea,REGULAR
20240520,7206,21024382_EA,21024382,Fume Free Oven Cleaner,Household Supplies,No Name,400 g,4.29,ea,REGULAR
20240520,7206,20001100_EA,20001100,100% Canadian Pure Liquid Honey,Not Available,No Name,375 g,5.49,ea,REGULAR
20240520,7227,21012774_EA,21012774,"Lemon Fresh Dishwashing Liquid, Club Pack",Household Supplies,No Name,5 l,9.99,ea,REGULAR
20240520,7227,20048210_EA,20048210,Corn Chips,"Snacks, Chips & Candy",No Name,200 g,2.49,ea,REGULAR
20240520,7227,20347400004_EA,20347400004,Assorted Cream Bars,Frozen,No Name,30x60.0 ml,10.0,ea,REGULAR
20240520,7227,20946414_EA,20946414,Regular Potato Crisps,"Snacks, Chips & Candy",No Name,150 g,1.69,ea,REGULAR
20240520,7227,20034427_EA,20034427,100% Canadian Pure Creamed Honey,Not Available,No Name,500 g,5.99,ea,REGULAR
20240520,7227,20312728001_EA,20312728001,Flakes of Ham,Not Available,No Name,156 g,2.0,ea,SPECIAL
20240520,7227,21406992_EA,21406992,Beach Umbrella,Not Available,No Name,1 ea,9.0,ea,SPECIAL
20240520,7227,21406992_EA,21406992,Beach Umbrella,Not Available,No Name,1 ea,9.0,ea,SPECIAL
20240520,7227,20618363_EA,20618363,Chili Powder,Not Available,No Name,150 g,2.49,ea,REGULAR
20240520,7227,20521648_EA,20521648,Flaked Light Tuna,Not Available,No Name,170 g,1.29,ea,REGULAR
20240520,7227,20058192_EA,20058192,Chicken Hot Dogs,Meat,No Name,450 g,3.0,ea,REGULAR
20240520,7227,20306030_EA,20306030,Original syrup,Not Available,No Name,750 ml,3.29,ea,REGULAR
20240520,7227,20521655_EA,20521655,Fruit Salad with Cherries in Light Syrup,"Snacks, Chips & Candy",No Name,4x107.0 ml,2.29,ea,REGULAR
20240520,7227,20128123_EA,20128123,Miniature Cobs of Corn,Not Available,No Name,398 ml,1.79,ea,REGULAR
20240520,7227,20870350_EA,20870350,"Lasagna Pans, Giant",Household Supplies,No Name,2 ea,5.0,ea,REGULAR
20240520,7227,20088698001_EA,20088698001,Medium Salsa,Not Available,No Name,430 ml,3.79,ea,REGULAR
20240520,7228,20996039_EA,20996039,"Roasted Peanuts, No Salt",Fruits & Vegetables,No Name,907 g,6.5,ea,REGULAR
20240520,7228,20606356_EA,20606356,Honey Graham Wafers,"Snacks, Chips & Candy",No Name,400 g,4.79,ea,REGULAR
20240520,7228,20296401_EA,20296401,Peaches and Cream Whole Kernel Corn,Not Available,No Name,341 ml,1.29,ea,REGULAR
20240520,7228,20347400002_EA,20347400002,Ice Milk Fudge Bars,Frozen,No Name,30x60.0 ml,10.0,ea,REGULAR
20240520,7228,20149806_EA,20149806,"Plastic Wrap, Club Size 305m",Household Supplies,No Name,1 ea,10.99,ea,REGULAR
20240520,7228,20322176_EA,20322176,Extra Large Pitted Ripe Olives,Not Available,No Name,398 ml,1.79,ea,REGULAR
20240520,7228,20299735_EA,20299735,Regular Quick-Tie Kitchen Garbage Bags ,Household Supplies,No Name,48 ea,5.49,ea,REGULAR
20240520,7228,20870360_EA,20870360,Storage Containers 20cm x 14cm x 5cm,Household Supplies,No Name,1 ea,5.5,ea,REGULAR
20240520,7228,20322093001_EA,20322093001,Original Waffles,Frozen,No Name,1680 g,12.49,ea,REGULAR
20240520,7228,21406992_EA,21406992,Beach Umbrella,Not Available,No Name,1 ea,12.0,ea,SPECIAL
20240520,7228,21406992_EA,21406992,Beach Umbrella,Not Available,No Name,1 ea,12.0,ea,SPECIAL
20240520,7228,20617739_EA,20617739,Cinnamon Sticks,Not Available,No Name,100 g,2.49,ea,REGULAR
20240520,7228,20323261_EA,20323261,Oven-ready Lasagna Pasta,Not Available,No Name,375 g,2.49,ea,REGULAR
20240520,7228,21386782_EA,21386782,Fresh Scent Disinfectant Wipes,Household Supplies,No Name,35 ea,3.0,ea,REGULAR
20240520,7228,21295604_EA,21295604,Thin Vegetable Crackers,Deli,No Name,200 g,2.99,ea,REGULAR
20240520,7228,20316388_EA,20316388,Mixed Vegetables,Frozen,No Name,2 kg,6.29,ea,REGULAR
20240520,7228,20811199_EA,20811199,"Perogies, Potato and Bacon Flavour",Frozen,No Name,907 g,2.29,ea,REGULAR
20240520,7228,20325921005_EA,20325921005,Black Beans,Not Available,No Name,540 ml,1.49,ea,REGULAR
20240520,7228,20183991002_EA,20183991002,"Cottage Cheese, 2% M.F.",Dairy & Eggs,No Name,500 g,3.99,ea,REGULAR
20240520,7229,20179276_EA,20179276,No.4 Cone Coffee Filters,Not Available,No Name,100 ea,3.49,ea,REGULAR
20240520,7229,21379757_EA,21379757,Sweetened Apple Sauce,Not Available,No Name,620 ml,3.0,ea,REGULAR
20240520,7229,20557334_EA,20557334,"All-Purpose Scouring Sponges, 2-Pack",Household Supplies,No Name,1 ea,2.0,ea,REGULAR
20240520,7229,21046471001_EA,21046471001,Naturally Imperfect English Cucumber 3lb Bag,Fruits & Vegetables,No Name,1.36 kg,5.0,ea,SPECIAL
20240520,7229,20325160001_EA,20325160001,Unsweetened Medium Coconut,Not Available,No Name,200 g,2.29,ea,REGULAR
20240520,7229,20313986_EA,20313986,Dill Pickles With Garlic,Not Available,No Name,2 l,5.99,ea,REGULAR
20240520,7229,20012421_EA,20012421,Malt Vinegar,Not Available,No Name,500 ml,1.69,ea,REGULAR
20240520,7229,20315322001_EA,20315322001,"Large Marshmallows, Club Size",Not Available,No Name,1 kg,5.99,ea,REGULAR
20240520,7229,21537713_EA,21537713,Beef Meatballs,Frozen,No Name,680 g,9.99,ea,REGULAR
20240520,7229,20031065002_EA,20031065002,Ice Pops,Frozen,No Name,30x75.0 ml,6.29,ea,REGULAR
20240520,7229,21406992_EA,21406992,Beach Umbrella,Not Available,No Name,1 ea,12.0,ea,SPECIAL
20240520,7229,20618890_EA,20618890,Clingstone Peach Slices in Light Syrup,Not Available,No Name,796 ml,3.49,ea,REGULAR
20240520,7229,20618890_EA,20618890,Clingstone Peach Slices in Light Syrup,Not Available,No Name,796 ml,3.49,ea,REGULAR
20240520,7229,20618044_EA,20618044,Nutmeg Ground,Not Available,No Name,125 g,2.49,ea,REGULAR
20240520,7229,20323647_EA,20323647,Whole Green Beans,Frozen,No Name,750 g,2.59,ea,REGULAR
20240520,7229,20161597_EA,20161597,Capers,Not Available,No Name,100 ml,2.5,ea,REGULAR
20240520,7229,20650915_EA,20650915,All-Purpose Flour,Not Available,No Name,5 kg,6.49,ea,REGULAR
20240520,7229,20306358002_EA,20306358002,Spaghettini,Not Available,No Name,2 kg,4.0,ea,REGULAR
20240520,7229,20174399_EA,20174399,"2-Ply Hypoallergenic Facial Tissues, 6 Boxes, 200 Sheets Each",Household Supplies,No Name,6x1.0 ea,10.99,ea,REGULAR
20240520,7229,20964652_EA,20964652,"Bathroom Tissue, 12 Rolls",Household Supplies,No Name,12 ea,5.0,ea,REGULAR
20240520,7235,20047452_EA,20047452,No.2 Cone Coffee Filters,Not Available,No Name,100 ea,3.49,ea,REGULAR
20240520,7235,21379757_EA,21379757,Sweetened Apple Sauce,Not Available,No Name,620 ml,3.0,ea,REGULAR
20240520,7235,20626597_EA,20626597,Garlic Sausage Ring,Deli,No Name,300 g,6.0,ea,REGULAR
20240520,7235,20296118001_EA,20296118001,Tart Shells,Dairy & Eggs,No Name,30 ea,7.49,ea,REGULAR
20240520,7235,20303890001_EA,20303890001,Refried Pinto Beans ,Not Available,No Name,398 ml,3.0,ea,REGULAR
20240520,7235,20760278_EA,20760278,Hot Chocolate Mix,Drinks,No Name,500 g,4.79,ea,REGULAR
20240520,7235,21384127_EA,21384127,Paper Dessert Plates 40 ,Home & Kitchen,No Name,40 ea,4.0,ea,REGULAR
20240520,7235,21036106_EA,21036106,Cream Cheese Spread ,Dairy & Eggs,No Name,227 g,3.0,ea,REGULAR
20240520,7235,20969990001_EA,20969990001,Naturally Imperfect Green Peppers 2.5lb Bag,Fruits & Vegetables,No Name,1130 g,6.0,ea,REGULAR
20240520,7235,21013106_EA,21013106,Chocolatey Chip Ice Cream Sandwiches,Frozen,No Name,24x120.0 ml,10.0,ea,REGULAR
20240520,7235,21406992_EA,21406992,Beach Umbrella,Not Available,No Name,1 ea,9.0,ea,SPECIAL
20240520,7235,20628585001_EA,20628585001,Clingstone Peach Slices in Juice From Concentrate,Not Available,No Name,398 ml,1.99,ea,REGULAR
20240520,7235,20628585001_EA,20628585001,Clingstone Peach Slices in Juice From Concentrate,Not Available,No Name,398 ml,1.99,ea,REGULAR
20240520,7235,20618044_EA,20618044,Nutmeg Ground,Not Available,No Name,125 g,2.49,ea,REGULAR
20240520,7235,21208436_EA,21208436,Lemon Furniture Polish,Household Supplies,No Name,275 g,4.99,ea,REGULAR
20240520,7235,21529759_EA,21529759,Cold Water Dirt Release Detergent Club Size,Household Supplies,No Name,6 l,14.99,ea,REGULAR
20240520,7235,20647361_EA,20647361,Currants,Not Available,No Name,375 g,4.99,ea,REGULAR
20240520,7235,20632363_EA,20632363,Assorted Sizes Peas,Not Available,No Name,284 ml,1.49,ea,REGULAR
20240520,7235,20081306_EA,20081306,Condensed Vegetable Soup,Not Available,No Name,284 ml,0.99,ea,SPECIAL
20240520,7235,20725295_EA,20725295,Lemon Scented Wet Mop Refills With Scrubber Strip,Household Supplies,No Name,12 ea,5.0,ea,REGULAR
20240520,7236,20047452_EA,20047452,No.2 Cone Coffee Filters,Not Available,No Name,100 ea,3.49,ea,REGULAR
20240520,7236,20426318_EA,20426318,Walnut Pieces Club Size,Not Available,No Name,1 kg,16.99,ea,REGULAR
20240520,7236,20557334_EA,20557334,"All-Purpose Scouring Sponges, 2-Pack",Household Supplies,No Name,1 ea,2.0,ea,REGULAR
20240520,7236,20309769_EA,20309769,Shredded Cheddar & Monterey Jack Cheese Blend,Dairy & Eggs,No Name,900 g,14.49,ea,REGULAR
20240520,7236,20315613005_EA,20315613005,Small Shells Pasta,Not Available,No Name,900 g,2.0,ea,REGULAR
20240520,7236,20031869_EA,20031869,"All-Purpose Reusable Cloths, 40 Sheets",Household Supplies,No Name,1 ea,6.99,ea,REGULAR
20240520,7236,20303626_EA,20303626,Fudge-Striped Shortbread Cookies,"Snacks, Chips & Candy",No Name,368 g,3.0,ea,SPECIAL
20240520,7236,20312260_EA,20312260,Green Peas,Frozen,No Name,750 g,2.59,ea,REGULAR
20240520,7236,20316543002_EA,20316543002,Unsalted Butter,Dairy & Eggs,No Name,454 g,5.99,ea,REGULAR
20240520,7236,20521654_EA,20521654,Mandarin Oranges in Light Syrup,"Snacks, Chips & Candy",No Name,4x107.0 ml,2.29,ea,REGULAR
20240520,7236,21456014_EA,21456014,Dill Pickle Sour Cream Dip,Dairy & Eggs,No Name,250 g,3.19,ea,REGULAR
20240520,7236,21045313_EA,21045313,"Chicken Wings, Mild BBQ",Frozen,No Name,908 g,13.99,ea,REGULAR
20240520,7236,21406992_EA,21406992,Beach Umbrella,Not Available,No Name,1 ea,12.0,ea,SPECIAL
20240520,7236,21406992_EA,21406992,Beach Umbrella,Not Available,No Name,1 ea,12.0,ea,SPECIAL
20240520,7236,21291640_EA,21291640,Sardines,Not Available,No Name,106 g,1.49,ea,REGULAR
20240520,7236,20734765_EA,20734765,Flat-Bottomed Lunch Bags ,Household Supplies,No Name,100 ea,4.49,ea,REGULAR
20240520,7236,20305325_EA,20305325,Cranberry Cocktail,Drinks,No Name,3.78 l,5.99,ea,REGULAR
20240520,7236,20685574002_EA,20685574002,"Vanilla, Blueberry, Strawberry & Raspberry 0% M.F. Stirred Yogurt",Dairy & Eggs,No Name,12x100.0 g,4.49,ea,REGULAR
20240520,7236,20632363_EA,20632363,Assorted Sizes Peas,Not Available,No Name,284 ml,1.49,ea,REGULAR
20240520,7236,20326314001_EA,20326314001,Diced Clingstone Peaches in Light Syrup,"Snacks, Chips & Candy",No Name,4x107.0 ml,2.29,ea,REGULAR
20240520,7236,21448475_EA,21448475,Fully Cooked Real Bacon Bits,Not Available,No Name,567 g,17.49,ea,REGULAR
20240520,7392,20047452_EA,20047452,No.2 Cone Coffee Filters,Not Available,No Name,100 ea,3.49,ea,REGULAR
20240520,7392,20683482_EA,20683482,Sweet & Zesty Tomato Chili Sauce,Not Available,No Name,455 ml,4.99,ea,REGULAR
20240520,7392,20557334_EA,20557334,"All-Purpose Scouring Sponges, 2-Pack",Household Supplies,No Name,1 ea,2.0,ea,REGULAR
20240520,7392,20648023_EA,20648023,Golden Seedless Raisins,Not Available,No Name,750 g,7.99,ea,REGULAR
20240520,7392,20316375003_EA,20316375003,Buttermilk Waffles,Frozen,No Name,280 g,2.5,ea,REGULAR
20240520,7392,20795392_EA,20795392,Salted Tops Soda Crackers,"Snacks, Chips & Candy",No Name,454 g,3.29,ea,REGULAR
20240520,7392,20148493001_EA,20148493001,Whole White Potatoes,Not Available,No Name,540 ml,1.49,ea,REGULAR
20240520,7392,21384159_EA,21384159,Paper Luncheon Plates Club Size  ,Home & Kitchen,No Name,125 ea,14.5,ea,REGULAR
20240520,7392,20768660_EA,20768660,100% Pure Vegetable Oil,Not Available,No Name,946 ml,4.99,ea,REGULAR
20240520,7392,20521654_EA,20521654,Mandarin Oranges in Light Syrup,"Snacks, Chips & Candy",No Name,4x107.0 ml,2.29,ea,REGULAR
20240520,7392,21406992_EA,21406992,Beach Umbrella,Not Available,No Name,1 ea,12.0,ea,SPECIAL
20240520,7392,21045311_EA,21045311,"Chicken Wings, Honey Garlic",Frozen,No Name,908 g,13.99,ea,REGULAR
20240520,7392,21045311_EA,21045311,"Chicken Wings, Honey Garlic",Frozen,No Name,908 g,13.99,ea,REGULAR
20240520,7392,20096883_EA,20096883,All-Beef Wieners,Meat,No Name,450 g,6.0,ea,REGULAR
20240520,7392,20252539_EA,20252539,Condensed Cream of Chicken Soup,Not Available,No Name,284 ml,1.49,ea,REGULAR
20240520,7392,21360360_EA,21360360,Condensed Soup Cream Of Celery,Not Available,No Name,284 ml,1.49,ea,REGULAR
20240520,7392,20301663_EA,20301663,Condensed Chicken Noodle Soup,Not Available,No Name,284 ml,0.99,ea,SPECIAL
20240520,7392,20632363_EA,20632363,Assorted Sizes Peas,Not Available,No Name,284 ml,1.49,ea,REGULAR
20240520,7392,20962493_EA,20962493,Cheese Flavoured Crunchy Snacks,"Snacks, Chips & Candy",No Name,200 g,2.49,ea,REGULAR
20240520,7392,21448475_EA,21448475,Fully Cooked Real Bacon Bits,Not Available,No Name,567 g,17.49,ea,REGULAR
20240520,7395,21081340_EA,21081340,Beef Rawhide Bagels Dog Treats,Pet Supplies,No Name,1 ea,15.99,ea,REGULAR
20240520,7395,20606356_EA,20606356,Honey Graham Wafers,"Snacks, Chips & Candy",No Name,400 g,4.79,ea,REGULAR
20240520,7395,20869962_EA,20869962,Square Cake Pans with Lids,Household Supplies,No Name,1 ea,5.0,ea,REGULAR
20240520,7395,20552134001_EA,20552134001,Concentrated Berry Punch,Frozen,No Name,283 ml,1.39,ea,REGULAR
20240520,7395,21302943_EA,21302943,Dill Pickle Potato Chips,"Snacks, Chips & Candy",No Name,200 g,1.49,ea,REGULAR
20240520,7395,20647525_EA,20647525,Sweetened Dried Cranberries ,Not Available,No Name,750 g,8.99,ea,REGULAR
20240520,7395,20945332001_EA,20945332001,Carrots,Fruits & Vegetables,No Name,2270 g,3.0,ea,SPECIAL
20240520,7395,20503449_EA,20503449,"Vegetable & Beef Cantonese Style Egg Rolls, 22 Pieces",Frozen,No Name,1 ea,12.99,ea,REGULAR
20240520,7395,21033168_EA,21033168,Whole Strawberries,Frozen,No Name,2 kg,14.0,ea,REGULAR
20240520,7395,21406992_EA,21406992,Beach Umbrella,Not Available,No Name,1 ea,12.0,ea,SPECIAL
20240520,7395,21406992_EA,21406992,Beach Umbrella,Not Available,No Name,1 ea,12.0,ea,SPECIAL
20240520,7395,20923994_EA,20923994,100% Whole Grain Large Flake Oats,Not Available,No Name,1 kg,2.79,ea,REGULAR
20240520,7395,20521648_EA,20521648,Flaked Light Tuna,Not Available,No Name,170 g,1.29,ea,REGULAR
20240520,7395,20801166_EA,20801166,French Onion Sour Cream Dip ,Dairy & Eggs,No Name,250 g,3.19,ea,REGULAR
20240520,7395,20632363_EA,20632363,Assorted Sizes Peas,Not Available,No Name,284 ml,1.49,ea,REGULAR
20240520,7395,21529759_EA,21529759,Cold Water Dirt Release Detergent Club Size,Household Supplies,No Name,6 l,14.99,ea,REGULAR
20240520,7395,20325921001_EA,20325921001,Chickpeas,Not Available,No Name,540 ml,1.49,ea,REGULAR
20240520,7395,20870350_EA,20870350,"Lasagna Pans, Giant",Household Supplies,No Name,2 ea,5.0,ea,REGULAR
20240520,7395,20088990_EA,20088990,100% Pure Canola Oil,Not Available,No Name,946 ml,5.49,ea,REGULAR
20240520,7397,20047452_EA,20047452,No.2 Cone Coffee Filters,Not Available,No Name,100 ea,3.49,ea,REGULAR
20240520,7397,20683482_EA,20683482,Sweet & Zesty Tomato Chili Sauce,Not Available,No Name,455 ml,4.99,ea,REGULAR
20240520,7397,20425980_EA,20425980,Pecan Halves,Not Available,No Name,400 g,11.49,ea,REGULAR
20240520,7397,21393587_EA,21393587,Medium Roast Coffee Pods,Drinks,No Name,114 g,6.79,ea,REGULAR
20240520,7397,20303890001_EA,20303890001,Refried Pinto Beans ,Not Available,No Name,398 ml,3.0,ea,REGULAR
20240520,7397,20683943_EA,20683943,Chocolate Hazelnut Spread,Not Available,No Name,725 g,5.0,ea,SPECIAL
20240520,7397,20309304_EA,20309304,Sour Pickled Onions,Not Available,No Name,375 ml,3.0,ea,REGULAR
20240520,7397,21384127_EA,21384127,Paper Dessert Plates 40 ,Home & Kitchen,No Name,40 ea,5.5,ea,REGULAR
20240520,7397,20171693_EA,20171693,Whole Hearts Of Palm,Not Available,No Name,398 ml,3.49,ea,REGULAR
20240520,7397,20058286_EA,20058286,"Plastic Wrap, 30m",Household Supplies,No Name,1 ea,2.49,ea,REGULAR
20240520,7397,21406992_EA,21406992,Beach Umbrella,Not Available,No Name,1 ea,12.0,ea,SPECIAL
20240520,7397,21045311_EA,21045311,"Chicken Wings, Honey Garlic",Frozen,No Name,908 g,13.99,ea,REGULAR
20240520,7397,21045311_EA,21045311,"Chicken Wings, Honey Garlic",Frozen,No Name,908 g,13.99,ea,REGULAR
20240520,7397,20132840_EA,20132840,Thyme Leaves,Not Available,No Name,45 g,2.49,ea,REGULAR
20240520,7397,20734765_EA,20734765,Flat-Bottomed Lunch Bags ,Household Supplies,No Name,100 ea,4.49,ea,REGULAR
20240520,7397,20153259_EA,20153259,Pie Shells,Dairy & Eggs,No Name,350 g,3.99,ea,REGULAR
20240520,7397,20870356_EA,20870356,"Pie Pans, Large",Household Supplies,No Name,1 ea,3.0,ea,REGULAR
20240520,7397,20632363_EA,20632363,Assorted Sizes Peas,Not Available,No Name,284 ml,1.49,ea,REGULAR
20240520,7397,21417123_EA,21417123,Large Kitchen Garbage Bags,Household Supplies,No Name,40 ea,5.49,ea,REGULAR
20240520,7397,20163065001_EA,20163065001,"3-Flavour Mix Cat Food, Chicken, Turkey & Seafood",Pet Supplies,No Name,4 kg,13.49,ea,REGULAR
20240520,7411,20047452_EA,20047452,No.2 Cone Coffee Filters,Not Available,No Name,100 ea,3.49,ea,REGULAR
20240520,7411,20600787_EA,20600787,Diced Tomatoes,Not Available,No Name,796 ml,1.79,ea,REGULAR
20240520,7411,20552134003_EA,20552134003,Concentrated Grape Punch,Frozen,No Name,283 ml,1.39,ea,REGULAR
20240520,7411,20872340_EA,20872340,Full-Size Steam Table Pan,Household Supplies,No Name,1 ea,8.0,ea,REGULAR
20240520,7411,20144001_EA,20144001,Large Drawstring Garbage Bags,Household Supplies,No Name,20 ea,6.99,ea,REGULAR
20240520,7411,20174360002_EA,20174360002,Sweet Green Relish,Not Available,No Name,375 ml,1.49,ea,REGULAR
20240520,7411,20314839003_EA,20314839003,Beans in Tomato Sauce,Not Available,No Name,398 ml,0.99,ea,SPECIAL
20240520,7411,20088698002_EA,20088698002,Mild Salsa ,Not Available,No Name,430 ml,3.79,ea,REGULAR
20240520,7411,20301274002_C24,20301274002,Instant Noodle Soup Beef Flavour,Not Available,No Name,24x85.0 g,5.99,ea,REGULAR
20240520,7411,21302823_EA,21302823,Regular Potato Chips ,"Snacks, Chips & Candy",No Name,200 g,1.49,ea,REGULAR
20240520,7411,21013106_EA,21013106,Chocolatey Chip Ice Cream Sandwiches,Frozen,No Name,24x120.0 ml,10.0,ea,REGULAR
20240520,7411,21045311_EA,21045311,"Chicken Wings, Honey Garlic",Frozen,No Name,908 g,13.99,ea,REGULAR
20240520,7411,21406992_EA,21406992,Beach Umbrella,Not Available,No Name,1 ea,12.0,ea,SPECIAL
20240520,7411,21406992_EA,21406992,Beach Umbrella,Not Available,No Name,1 ea,12.0,ea,SPECIAL
20240520,7411,20734371_EA,20734371,Original Smoked Sausages,Meat,No Name,900 g,6.99,ea,SPECIAL
20240520,7411,20015478_EA,20015478,Disposable Cleaning Gloves,Household Supplies,No Name,25 ea,3.5,ea,REGULAR
20240520,7411,20869951_EA,20869951,Giant Oval Roaster with Handle,Household Supplies,No Name,1 ea,5.0,ea,REGULAR
20240520,7411,21464491_EA,21464491,"Paper Straws, 50 Straws",Not Available,No Name,50 ea,1.5,ea,REGULAR
20240520,7411,20870525_EA,20870525,Rectangular Brownie Pans with Lids,Household Supplies,No Name,2 ea,5.0,ea,REGULAR
20240520,7411,20126627_EA,20126627,Cocktail Glass 90Z,Home & Kitchen,No Name,50x50.0 ea,5.5,ea,REGULAR
20240520,7411,20030317_EA,20030317,Sweet Pickled Onions,Not Available,No Name,375 ml,3.0,ea,REGULAR
20240520,7415,20047452_EA,20047452,No.2 Cone Coffee Filters,Not Available,No Name,100 ea,3.49,ea,REGULAR
20240520,7415,20331973_EA,20331973,Farmer's Marble Cheese ,Dairy & Eggs,No Name,200 g,3.49,ea,REGULAR
20240520,7415,20180368002_EA,20180368002,Blueberry Waffles,Frozen,No Name,560 g,4.99,ea,REGULAR
20240520,7415,21099689_EA,21099689,Onion Recipe and Soup Mix,Not Available,No Name,56 g,1.49,ea,REGULAR
20240520,7415,20055326001_EA,20055326001,Red Glace Cherries,Not Available,No Name,450 g,6.79,ea,REGULAR
20240520,7415,20315944_EA,20315944,Chocolate Ice Milk,Frozen,No Name,4 l,5.99,ea,REGULAR
20240520,7415,20163323_EA,20163323,Baking Powder,Not Available,No Name,450 g,5.0,ea,SPECIAL
20240520,7415,20073675_EA,20073675,68% Vegetable Oil Margarine ,Dairy & Eggs,No Name,907 g,4.99,ea,REGULAR
20240520,7415,20782771_EA,20782771,Lemonade,Drinks,No Name,1.75 l,2.99,ea,REGULAR
20240520,7415,20868985001_EA,20868985001,"Imperfect Apples, 6 lb bag",Fruits & Vegetables,No Name,2.72 kg,7.0,ea,SPECIAL
20240520,7415,21033168_EA,21033168,Whole Strawberries,Frozen,No Name,2 kg,14.0,ea,REGULAR
20240520,7415,21045311_EA,21045311,"Chicken Wings, Honey Garlic",Frozen,No Name,908 g,13.99,ea,REGULAR
20240520,7415,21406992_EA,21406992,Beach Umbrella,Not Available,No Name,1 ea,12.0,ea,SPECIAL
20240520,7415,21406992_EA,21406992,Beach Umbrella,Not Available,No Name,1 ea,12.0,ea,SPECIAL
20240520,7415,20734141_EA,20734141,Knackwurst Smoked Sausages,Meat,No Name,900 g,6.99,ea,SPECIAL
20240520,7415,20033683_EA,20033683,Pure 100% Canadian Liquid Honey,Not Available,No Name,1 kg,8.99,ea,REGULAR
20240520,7415,20701744_EA,20701744,"Club Pack Chicken Wings, Split",Frozen,No Name,2 kg,29.99,ea,REGULAR
20240520,7415,20149246_EA,20149246,Decaffeinated Instant Coffee,Drinks,No Name,150 g,4.99,ea,REGULAR
20240520,7415,21168797_EA,21168797,Foil Muffin Pan,Household Supplies,No Name,1 ea,4.5,ea,REGULAR
20240520,7415,20026331_EA,20026331,Soup Mix Chicken Noodle,Not Available,No Name,4x83.0 g,2.49,ea,REGULAR
20240520,7415,20315613007_EA,20315613007,Fettuccine Pasta,Not Available,No Name,900 g,2.0,ea,REGULAR
20240520,7432,21394636_EA,21394636,No Name To Go Tumbler - Yellow,Home & Kitchen,No Name,1 ea,5.0,ea,SPECIAL
20240520,7432,21097615_EA,21097615,Crushed Pineapple in Pineapple Juice,Not Available,No Name,540 ml,1.79,ea,REGULAR
20240520,7432,21099689_EA,21099689,Onion Recipe and Soup Mix,Not Available,No Name,56 g,1.49,ea,REGULAR
20240520,7432,20618086_EA,20618086,Ground Black Pepper,Not Available,No Name,150 g,2.49,ea,REGULAR
20240520,7432,21158728_EA,21158728,Reusable Grocery Tote Bag,Home & Kitchen,No Name,1 ea,2.0,ea,REGULAR
20240520,7432,20795392_EA,20795392,Salted Tops Soda Crackers,"Snacks, Chips & Candy",No Name,454 g,3.29,ea,REGULAR
20240520,7432,20316543002_EA,20316543002,Unsalted Butter,Dairy & Eggs,No Name,454 g,5.99,ea,REGULAR
20240520,7432,20329874_EA,20329874,Pizza Mozzarella Cheese,Dairy & Eggs,No Name,200 g,3.49,ea,REGULAR
20240520,7432,21221013_EA,21221013,Cheddar Flavour Processed Cheese Product Slices,Dairy & Eggs,No Name,800 g,8.49,ea,REGULAR
20240520,7432,21291288_EA,21291288,Microwave Butter Flavour Popcorn,"Snacks, Chips & Candy",No Name,247 g,2.49,ea,REGULAR
20240520,7432,21406992_EA,21406992,Beach Umbrella,Not Available,No Name,1 ea,12.0,ea,SPECIAL
20240520,7432,21359709_EA,21359709,Rich & Chunky Vegetable with Pasta Soup,Not Available,No Name,540 ml,2.49,ea,SPECIAL
20240520,7432,21359709_EA,21359709,Rich & Chunky Vegetable with Pasta Soup,Not Available,No Name,540 ml,2.49,ea,SPECIAL
20240520,7432,20734371_EA,20734371,Original Smoked Sausages,Meat,No Name,900 g,6.99,ea,SPECIAL
20240520,7432,21378036_EA,21378036,Fruit Blend ,Frozen,No Name,2 kg,14.0,ea,REGULAR
20240520,7432,20858028_EA,20858028,Honey Ham,Meat,No Name,1.3 kg,10.29,ea,REGULAR
20240520,7432,21289738_EA,21289738,Light Medium Cheddar Cheese,Dairy & Eggs,No Name,400 g,5.99,ea,REGULAR
20240520,7432,20301274002_EA,20301274002,Beef Flavour Instant Noodle Soup,Not Available,No Name,85 g,0.39,ea,REGULAR
20240520,7432,20081306_EA,20081306,Condensed Vegetable Soup,Not Available,No Name,284 ml,0.99,ea,SPECIAL
20240520,7432,20870521_EA,20870521,"All-Purpose Pan with Lid, Giant Size",Household Supplies,No Name,1 ea,6.0,ea,REGULAR
20240520,7441,20322093001_EA,20322093001,Original Waffles,Frozen,No Name,1680 g,12.49,ea,REGULAR
20240520,7441,20322093001_EA,20322093001,Original Waffles,Frozen,No Name,1680 g,12.49,ea,REGULAR
20240520,7444,20996039_EA,20996039,"Roasted Peanuts, No Salt",Fruits & Vegetables,No Name,907 g,6.5,ea,REGULAR
20240520,7444,20618885_EA,20618885,Condensed Tomato Soup,Not Available,No Name,284 ml,0.99,ea,SPECIAL
20240520,7444,20628489002_EA,20628489002,Italian Dressing,Not Available,No Name,475 ml,2.49,ea,REGULAR
20240520,7444,21206665_EA,21206665,Lavender Multi-Surface Cleaner ,Household Supplies,No Name,1.41 l,3.49,ea,REGULAR
20240520,7444,20318892001_EA,20318892001,Original Snack Crackers,"Snacks, Chips & Candy",No Name,225 g,2.29,ea,REGULAR
20240520,7444,20296985003_EA,20296985003,Smooth Light Peanut Butter,Not Available,No Name,1 kg,4.79,ea,REGULAR
20240520,7444,20088698002_EA,20088698002,Mild Salsa ,Not Available,No Name,430 ml,3.79,ea,REGULAR
20240520,7444,21431222_EA,21431222,Whole Wheat Dinner Roll,Bakery,No Name,420 g,2.99,ea,REGULAR
20240520,7444,20171693_EA,20171693,Whole Hearts Of Palm,Not Available,No Name,398 ml,3.49,ea,REGULAR
20240520,7444,21297819_EA,21297819,Whole Wheat English Muffins,Bakery,No Name,342 g,1.97,ea,SPECIAL
20240520,7444,21406992_EA,21406992,Beach Umbrella,Not Available,No Name,1 ea,12.0,ea,SPECIAL
20240520,7444,20618772_EA,20618772,Curry Powder,Not Available,No Name,125 g,2.49,ea,REGULAR
20240520,7444,20618772_EA,20618772,Curry Powder,Not Available,No Name,125 g,2.49,ea,REGULAR
20240520,7444,20651741_EA,20651741,Sliced Stewed Tomatoes,Not Available,No Name,796 ml,1.79,ea,REGULAR
20240520,7444,20301126_EA,20301126,Baby Dill Pickles ,Not Available,No Name,1 l,3.29,ea,REGULAR
20240520,7444,21376451_EA,21376451,Peppermint Herbal Tea,Drinks,No Name,36 g,2.99,ea,REGULAR
20240520,7444,20293477_EA,20293477,Roasted Peanuts In Shell,Fruits & Vegetables,No Name,2 kg,10.0,ea,SPECIAL
20240520,7444,20149246_EA,20149246,Decaffeinated Instant Coffee,Drinks,No Name,150 g,4.99,ea,REGULAR
20240520,7444,21417123_EA,21417123,Large Kitchen Garbage Bags,Household Supplies,No Name,40 ea,5.49,ea,REGULAR
20240520,7444,21448475_EA,21448475,Fully Cooked Real Bacon Bits,Not Available,No Name,567 g,17.49,ea,REGULAR
20240520,7487,20047452_EA,20047452,No.2 Cone Coffee Filters,Not Available,No Name,100 ea,3.49,ea,REGULAR
20240520,7487,20325649_EA,20325649,Stuffed Manzanilla Olives With Pimento Paste,Not Available,No Name,375 ml,2.0,ea,REGULAR
20240520,7487,20626597_EA,20626597,Garlic Sausage Ring,Deli,No Name,300 g,6.0,ea,REGULAR
20240520,7487,20140914_EA,20140914,Marinated Quartered Artichoke Hearts,Not Available,No Name,170 ml,2.0,ea,REGULAR
20240520,7487,20339076_EA,20339076,Original Trail Mix,"Snacks, Chips & Candy",No Name,1 kg,10.99,ea,REGULAR
20240520,7487,20617977_EA,20617977,Freeze-Dried Chives,Not Available,No Name,5.5 g,2.49,ea,REGULAR
20240520,7487,20105565_EA,20105565,Unsweetened Pineapple Juice,Drinks,No Name,1.36 l,3.99,ea,REGULAR
20240520,7487,20174360002_EA,20174360002,Sweet Green Relish,Not Available,No Name,375 ml,1.69,ea,REGULAR
20240520,7487,20047715_EA,20047715,100% Extra Virgin Olive Oil,Not Available,No Name,750 ml,11.99,ea,REGULAR
20240520,7487,20058286_EA,20058286,"Plastic Wrap, 30m",Household Supplies,No Name,1 ea,2.79,ea,REGULAR
20240520,7487,21406992_EA,21406992,Beach Umbrella,Not Available,No Name,1 ea,9.0,ea,SPECIAL
20240520,7487,20618890_EA,20618890,Clingstone Peach Slices in Light Syrup,Not Available,No Name,796 ml,3.49,ea,REGULAR
20240520,7487,20618890_EA,20618890,Clingstone Peach Slices in Light Syrup,Not Available,No Name,796 ml,3.49,ea,REGULAR
20240520,7487,20651741_EA,20651741,Sliced Stewed Tomatoes,Not Available,No Name,796 ml,1.79,ea,REGULAR
20240520,7487,20188518_EA,20188518,"100% Canadian Pure Creamed Honey, Club Size",Not Available,No Name,3 kg,24.49,ea,REGULAR
20240520,7487,20742372_EA,20742372,Mozzarella 100% Real Cheese Slices ,Dairy & Eggs,No Name,230 g,4.5,ea,REGULAR
20240520,7487,20024022_EA,20024022,5L Streak-Free Glass Cleaner ,Household Supplies,No Name,5 l,9.99,ea,REGULAR
20240520,7487,21217968_EA,21217968,Bagel Whole Wheat,Bakery,No Name,510 g,1.99,ea,SPECIAL
20240520,7487,21214380_EA,21214380,Chocolate Pie Crust,Not Available,No Name,170 g,2.79,ea,REGULAR
20240520,7487,20725295_EA,20725295,Lemon Scented Wet Mop Refills With Scrubber Strip,Household Supplies,No Name,12 ea,5.0,ea,REGULAR
20240520,7497,20996039_EA,20996039,"Roasted Peanuts, No Salt",Fruits & Vegetables,No Name,907 g,6.5,ea,REGULAR
20240520,7497,20129324_EA,20129324,Pure 100% Canadian Liquid Honey,Not Available,No Name,500 g,5.99,ea,REGULAR
20240520,7497,20425980_EA,20425980,Pecan Halves,Not Available,No Name,400 g,11.49,ea,REGULAR
20240520,7497,21213760_EA,21213760,Graham Cracker Pie Crust,Not Available,No Name,170 g,2.49,ea,REGULAR
20240520,7497,21376440_EA,21376440,Camomile Herbal Tea,Drinks,No Name,24 g,2.99,ea,REGULAR
20240520,7497,20503035004_EA,20503035004,Grape Drink Boxes,Drinks,No Name,10x200.0 ml,3.0,ea,REGULAR
20240520,7497,20129484_EA,20129484,Pure Lard,Not Available,No Name,454 g,4.29,ea,REGULAR
20240520,7497,21200683_EA,21200683,Shredded Marble Farmer's Cheese,Dairy & Eggs,No Name,900 g,14.49,ea,REGULAR
20240520,7497,21384149_EA,21384149,Paper Dinner Plates 40 Pack,Home & Kitchen,No Name,40 ea,6.0,ea,SPECIAL
20240520,7497,21406992_EA,21406992,Beach Umbrella,Not Available,No Name,1 ea,12.0,ea,SPECIAL
20240520,7497,21406992_EA,21406992,Beach Umbrella,Not Available,No Name,1 ea,12.0,ea,SPECIAL
20240520,7497,20617756_EA,20617756,Sesame Seeds,Not Available,No Name,150 g,2.49,ea,REGULAR
20240520,7497,20298199_EA,20298199,Balanced Nutrition Dry Cat Food,Pet Supplies,No Name,8 kg,21.99,ea,REGULAR
20240520,7497,20648026_EA,20648026,Sultana Raisins,Not Available,No Name,375 g,4.49,ea,REGULAR
20240520,7497,20295818_EA,20295818,Peas and Carrots,Frozen,No Name,750 g,2.59,ea,REGULAR
20240520,7497,20601345_EA,20601345,Crushed Tomatoes,Not Available,No Name,796 ml,1.79,ea,REGULAR
20240520,7497,20050959_EA,20050959,Maraschino Cherries With Syrup,Not Available,No Name,375 ml,4.49,ea,REGULAR
20240520,7497,20045046_EA,20045046,Charcoal Briquette,Home & Kitchen,No Name,1 ea,6.99,ea,SPECIAL
20240520,7497,21116660_EA,21116660,Regular Garbage Bags,Household Supplies,No Name,40 ea,7.99,ea,REGULAR
20240520,7498,20047452_EA,20047452,No.2 Cone Coffee Filters,Not Available,No Name,100 ea,3.49,ea,REGULAR
20240520,7498,20618885_EA,20618885,Condensed Tomato Soup,Not Available,No Name,284 ml,0.99,ea,SPECIAL
20240520,7498,20180368002_EA,20180368002,Blueberry Waffles,Frozen,No Name,560 g,4.99,ea,REGULAR
20240520,7498,20648023_EA,20648023,Golden Seedless Raisins,Not Available,No Name,750 g,7.99,ea,REGULAR
20240520,7498,20316375003_EA,20316375003,Buttermilk Waffles,Frozen,No Name,280 g,2.5,ea,REGULAR
20240520,7498,20031869_EA,20031869,"All-Purpose Reusable Cloths, 40 Sheets",Household Supplies,No Name,1 ea,6.99,ea,REGULAR
20240520,7498,21289745_EA,21289745,Farmer's Marble Cheese,Dairy & Eggs,No Name,400 g,5.99,ea,REGULAR
20240520,7498,20320421_EA,20320421,"Olives, Salad",Not Available,No Name,375 ml,1.99,ea,REGULAR
20240520,7498,20628489004_EA,20628489004,French Dressing,Not Available,No Name,475 ml,2.49,ea,REGULAR
20240520,7498,21033168_EA,21033168,Whole Strawberries,Frozen,No Name,2 kg,14.0,ea,REGULAR
20240520,7498,21406992_EA,21406992,Beach Umbrella,Not Available,No Name,1 ea,9.0,ea,SPECIAL
20240520,7498,20618890_EA,20618890,Clingstone Peach Slices in Light Syrup,Not Available,No Name,796 ml,3.49,ea,REGULAR
20240520,7498,20618890_EA,20618890,Clingstone Peach Slices in Light Syrup,Not Available,No Name,796 ml,3.49,ea,REGULAR
20240520,7498,20639755_EA,20639755,Poppy Seeds,Not Available,No Name,150 g,2.49,ea,REGULAR
20240520,7498,21545106_EA,21545106,Naturally Imperfect Sliced Strawberries,Frozen,No Name,400 g,3.0,ea,REGULAR
20240520,7498,20894653_EA,20894653,Compostable Kitchen Bags for Organics Club Size,Household Supplies,No Name,100 ea,14.99,ea,REGULAR
20240520,7498,20627614002_EA,20627614002,Mayonnaise,Not Available,No Name,890 ml,4.79,ea,REGULAR
20240520,7498,20503452_EA,20503452,Vegetable Cantonese- Style Egg Rolls,Frozen,No Name,1.25 kg,12.99,ea,REGULAR
20240520,7498,20685773003_EA,20685773003,Vanilla Stirred 0% M.F. Yogurt,Dairy & Eggs,No Name,650 g,3.19,ea,REGULAR
20240520,7498,20725295_EA,20725295,Lemon Scented Wet Mop Refills With Scrubber Strip,Household Supplies,No Name,12 ea,5.0,ea,REGULAR
20240520,7502,20996039_EA,20996039,"Roasted Peanuts, No Salt",Fruits & Vegetables,No Name,907 g,6.5,ea,REGULAR
20240520,7502,21315093_EA,21315093,Cheddar Bacon Potato Chips,"Snacks, Chips & Candy",No Name,200 g,1.49,ea,REGULAR
20240520,7502,20323473002_EA,20323473002,Mild Garlic Rib Sauce ,Not Available,No Name,350 ml,2.49,ea,REGULAR
20240520,7502,20075199001_EA,20075199001,Fruit Bowl Variety Pack,"Snacks, Chips & Candy",No Name,16x107.0 ml,9.99,ea,REGULAR
20240520,7502,21158728_EA,21158728,Reusable Grocery Tote Bag,Home & Kitchen,No Name,1 ea,2.0,ea,REGULAR
20240520,7502,20870980_EA,20870980,Giant Pasta Pan,Household Supplies,No Name,1 ea,5.0,ea,REGULAR
20240520,7502,21509159_EA,21509159,Cracked Wheat Bread,Bakery,No Name,675 g,1.97,ea,REGULAR
20240520,7502,21509159_EA,21509159,Cracked Wheat Bread,Bakery,No Name,675 g,1.97,ea,REGULAR
20240520,7502,20103390_EA,20103390,100% Pure Vegetable Oil,Not Available,No Name,3 l,9.99,ea,REGULAR
20240520,7502,20301246002_EA,20301246002,"Soup Cups, Chicken",Not Available,No Name,65 g,0.99,ea,REGULAR
20240520,7502,21406992_EA,21406992,Beach Umbrella,Not Available,No Name,1 ea,12.0,ea,SPECIAL
20240520,7502,21315707_EA,21315707,Uncooked Stuffed Breaded Chicken Breast Cutlettes Parmesan,Frozen,No Name,284 g,4.79,ea,REGULAR
20240520,7502,21315707_EA,21315707,Uncooked Stuffed Breaded Chicken Breast Cutlettes Parmesan,Frozen,No Name,284 g,4.79,ea,REGULAR
20240520,7502,20970999_EA,20970999,2-Ply Hypoallergenic Facial Tissues,Household Supplies,No Name,1 ea,2.0,ea,REGULAR
20240520,7502,20689438001_EA,20689438001,Mountain Fresh Dryer Sheets Club Size,Household Supplies,No Name,200 ea,7.99,ea,REGULAR
20240520,7502,20009675_EA,20009675,Long Grain Brown Rice,Not Available,No Name,2 kg,6.29,ea,REGULAR
20240520,7502,20858028_EA,20858028,Honey Ham,Meat,No Name,1.3 kg,10.29,ea,REGULAR
20240520,7502,20303626_EA,20303626,Fudge-Striped Shortbread Cookies,"Snacks, Chips & Candy",No Name,368 g,3.0,ea,SPECIAL
20240520,7502,20175669_EA,20175669,Beverage Glass 10Oz,Home & Kitchen,No Name,50x1.0 ea,5.5,ea,REGULAR
20240520,7502,20179960_EA,20179960,Compostable Kitchen Bags for Organics ,Household Supplies,No Name,20 ea,5.0,ea,REGULAR
20240520,7503,20996039_EA,20996039,"Roasted Peanuts, No Salt",Fruits & Vegetables,No Name,907 g,6.5,ea,REGULAR
20240520,7503,20565372_EA,20565372,"Wood Coffee Stirrer, 7 in",Home & Kitchen,No Name,200x200.0 ea,2.5,ea,REGULAR
20240520,7503,21030532_C01,21030532,Dark Roast Coffee Pods Club Size,Drinks,No Name,1 ea,32.99,ea,REGULAR
20240520,7503,21120004_EA,21120004,Quick-Tie Regular Multi-purpose Clear Bags,Household Supplies,No Name,40 ea,7.99,ea,REGULAR
20240520,7503,21191816_EA,21191816,Seasoned Dry Roasted Peanuts,"Snacks, Chips & Candy",No Name,650 g,4.99,ea,REGULAR
20240520,7503,21047867_EA,21047867,Cream Cheese Product With Jalapeño ,Dairy & Eggs,No Name,227 g,3.0,ea,REGULAR
20240520,7503,20773658_EA,20773658,Pig Ears Dog Treats,Pet Supplies,No Name,12 ea,19.99,ea,REGULAR
20240520,7503,20051787_EA,20051787,Apple Cider Vinegar,Not Available,No Name,500 ml,1.5,ea,REGULAR
20240520,7503,21396264_EA,21396264,Hard Cooler 6L,Home & Kitchen,No Name,1 ea,14.0,ea,SPECIAL
20240520,7503,21406992_EA,21406992,Beach Umbrella,Not Available,No Name,1 ea,12.0,ea,SPECIAL
20240520,7503,21406992_EA,21406992,Beach Umbrella,Not Available,No Name,1 ea,12.0,ea,SPECIAL
20240520,7503,20325921006_EA,20325921006,Beans Navy,Not Available,No Name,540 ml,1.49,ea,REGULAR
20240520,7503,21435777001_EA,21435777001,Large Size Eggs,Dairy & Eggs,No Name,30 ea,9.52,ea,REGULAR
20240520,7503,21464622_EA,21464622,Multi Surface Disinfecting Cleaner,Household Supplies,No Name,650 ml,2.99,ea,REGULAR
20240520,7503,20962493_EA,20962493,Cheese Flavoured Crunchy Snacks,"Snacks, Chips & Candy",No Name,200 g,2.49,ea,REGULAR
20240520,7503,21219859_EA,21219859,Scented Cat Litter ,Not Available,No Name,10 kg,7.99,ea,REGULAR
20240520,7503,20096157_EA,20096157,Extra Large Clear Multi Purpose Bags,Household Supplies,No Name,50 ea,15.99,ea,REGULAR
20240520,7503,20323233_EA,20323233,Honey Graham Crumbs,Not Available,No Name,400 g,4.49,ea,REGULAR
20240520,7503,20725291_EA,20725291,Floral Scented Dry Sweeping Refills ,Household Supplies,No Name,16 ea,5.0,ea,REGULAR
20240520,7504,20179276_EA,20179276,No.4 Cone Coffee Filters,Not Available,No Name,100 ea,3.49,ea,REGULAR
20240520,7504,20310518_EA,20310518,Raspberry Jam with Pectin,Not Available,No Name,1 l,6.99,ea,REGULAR
20240520,7504,20081753_EA,20081753,Regular Garbage Bags Club Size,Household Supplies,No Name,100 ea,14.99,ea,REGULAR
20240520,7504,21120004_EA,21120004,Quick-Tie Regular Multi-purpose Clear Bags,Household Supplies,No Name,40 ea,7.99,ea,REGULAR
20240520,7504,20014940_EA,20014940,Compostable Green Bin Liners for Organics,Household Supplies,No Name,10 ea,7.0,ea,REGULAR
20240520,7504,20323762003_EA,20323762003,"Potato & Bacon Flavour Perogies, Club Size",Frozen,No Name,2 kg,4.99,ea,REGULAR
20240520,7504,20325921001_EA,20325921001,Chickpeas,Not Available,No Name,540 ml,1.49,ea,REGULAR
20240520,7504,20127768_EA,20127768,100% Pure Peanut Oil,Not Available,No Name,946 ml,7.29,ea,REGULAR
20240520,7504,20132489_EA,20132489,75% Vegetable Oil Margarine,Dairy & Eggs,No Name,454 g,2.79,ea,REGULAR
20240520,7504,21406992_EA,21406992,Beach Umbrella,Not Available,No Name,1 ea,9.0,ea,SPECIAL
20240520,7504,21406992_EA,21406992,Beach Umbrella,Not Available,No Name,1 ea,9.0,ea,SPECIAL
20240520,7504,20618039_EA,20618039,Ground Thyme,Not Available,No Name,80 g,2.49,ea,REGULAR
20240520,7504,20323261_EA,20323261,Oven-ready Lasagna Pasta,Not Available,No Name,375 g,2.49,ea,REGULAR
20240520,7504,20296985002_EA,20296985002,Crunchy Peanut Butter,Not Available,No Name,1 kg,4.79,ea,REGULAR
20240520,7504,20318062002_EA,20318062002,Barbecue Blanched Peanuts,"Snacks, Chips & Candy",No Name,500 g,3.99,ea,REGULAR
20240520,7504,20316388_EA,20316388,Mixed Vegetables,Frozen,No Name,2 kg,6.29,ea,REGULAR
20240520,7504,20325921005_EA,20325921005,Black Beans,Not Available,No Name,540 ml,1.49,ea,REGULAR
20240520,7504,21289734_EA,21289734,Marble Cheddar Cheese Light,Dairy & Eggs,No Name,400 g,5.99,ea,REGULAR
20240520,7504,20628489005_EA,20628489005,Thousand Island Dressing,Not Available,No Name,475 ml,2.49,ea,REGULAR
20240520,7505,21064398_EA,21064398,10 Original Tortillas,Bakery,No Name,320 g,1.97,ea,SPECIAL
20240520,7505,20317943_EA,20317943,Shredded Mozzarella Cheese,Dairy & Eggs,No Name,900 g,14.49,ea,REGULAR
20240520,7505,20944462001_EA,20944462001,Naturally Imperfect Potatoes 15lb,Fruits & Vegetables,No Name,6804 g,6.0,ea,SPECIAL
20240520,7505,21396264_EA,21396264,Hard Cooler 6L,Home & Kitchen,No Name,1 ea,14.0,ea,SPECIAL
20240520,7505,20795392_EA,20795392,Salted Tops Soda Crackers,"Snacks, Chips & Candy",No Name,454 g,3.29,ea,REGULAR
20240520,7505,21361140_EA,21361140,Ready to Bake Garlic Toast,Not Available,No Name,638 g,3.5,ea,REGULAR
20240520,7505,21297819_EA,21297819,Whole Wheat English Muffins,Bakery,No Name,342 g,1.97,ea,SPECIAL
20240520,7505,21406992_EA,21406992,Beach Umbrella,Not Available,No Name,1 ea,9.0,ea,SPECIAL
20240520,7505,21406992_EA,21406992,Beach Umbrella,Not Available,No Name,1 ea,9.0,ea,SPECIAL
20240520,7505,20325921006_EA,20325921006,Beans Navy,Not Available,No Name,540 ml,1.49,ea,REGULAR
20240520,7505,21289765_EA,21289765,Mild Cheddar Cheese,Dairy & Eggs,No Name,400 g,5.99,ea,REGULAR
20240520,7505,20099523_EA,20099523,100% Pure Sunflower Oil,Not Available,No Name,946 ml,6.99,ea,REGULAR
20240520,7505,20040005_EA,20040005,Shrimp Flavour Instant Noodle Soup,Not Available,No Name,85 g,0.39,ea,REGULAR
20240520,7505,20304431_EA,20304431,Pecan Halves,Not Available,No Name,100 g,2.79,ea,REGULAR
20240520,7505,20322949_EA,20322949,Old-Fashioned Pancake Mix,Not Available,No Name,905 g,2.79,ea,REGULAR
20240520,7505,21047871_EA,21047871,Cream Cheese Product With Strawberries,Dairy & Eggs,No Name,227 g,3.0,ea,REGULAR
20240520,7505,21509645_EA,21509645,Hamburger Buns,Bakery,No Name,540 g,2.5,ea,SPECIAL
20240520,7507,20179276_EA,20179276,No.4 Cone Coffee Filters,Not Available,No Name,100 ea,3.49,ea,REGULAR
20240520,7507,20013427002_EA,20013427002,Mild Salsa,Not Available,No Name,1.89 l,11.49,ea,REGULAR
20240520,7507,21030532_C01,21030532,Dark Roast Coffee Pods Club Size,Drinks,No Name,1 ea,32.99,ea,REGULAR
20240520,7507,20015818_EA,20015818,Pepperoni,Deli,No Name,500 g,6.0,ea,REGULAR
20240520,7507,20559141002_EA,20559141002,Concentrated Lemonade,Frozen,No Name,283 ml,1.59,ea,REGULAR
20240520,7507,20301191002_EA,20301191002,Whole Leaf Spinach,Frozen,No Name,300 g,1.79,ea,REGULAR
20240520,7507,20028559_EA,20028559,Original Party Mix,"Snacks, Chips & Candy",No Name,320 g,3.49,ea,REGULAR
20240520,7507,21509829_EA,21509829,Hot Dog Buns,Bakery,No Name,516 g,2.5,ea,SPECIAL
20240520,7507,20181003_EA,20181003,All-Purpose Reusable Cloth,Household Supplies,No Name,10 ea,3.5,ea,REGULAR
20240520,7507,21406992_EA,21406992,Beach Umbrella,Not Available,No Name,1 ea,9.0,ea,SPECIAL
20240520,7507,21406992_EA,21406992,Beach Umbrella,Not Available,No Name,1 ea,9.0,ea,SPECIAL
20240520,7507,20618033_EA,20618033,Ground Cumin,Not Available,No Name,97 g,2.49,ea,REGULAR
20240520,7507,20093190_EA,20093190,Lasagna Pasta,Not Available,No Name,500 g,2.49,ea,REGULAR
20240520,7507,20012327_EA,20012327,Jumbo Smoked Wieners ,Meat,No Name,675 g,9.0,ea,REGULAR
20240520,7507,20325921005_EA,20325921005,Black Beans,Not Available,No Name,540 ml,1.49,ea,REGULAR
20240520,7507,20302205_EA,20302205,Mixed Garden Vegetables,Frozen,No Name,750 g,2.59,ea,REGULAR
20240520,7507,20325921005_EA,20325921005,Black Beans,Not Available,No Name,540 ml,1.49,ea,REGULAR
20240520,7507,20078092_EA,20078092,Cornbread Hot Dogs,Frozen,No Name,1.5 kg,14.49,ea,REGULAR
20240520,7507,20302205_EA,20302205,Mixed Garden Vegetables,Frozen,No Name,750 g,2.59,ea,REGULAR
20240520,7508,20996039_EA,20996039,"Roasted Peanuts, No Salt",Fruits & Vegetables,No Name,907 g,6.5,ea,REGULAR
20240520,7508,20331973_EA,20331973,Farmer's Marble Cheese ,Dairy & Eggs,No Name,200 g,3.49,ea,REGULAR
20240520,7508,20312728003_EA,20312728003,Flakes of Turkey,Not Available,No Name,142 g,2.0,ea,SPECIAL
20240520,7508,20109368_EA,20109368,Balanced Nutrition For Dogs,Pet Supplies,No Name,16 kg,29.99,ea,REGULAR
20240520,7508,20303822_EA,20303822,Whole Kernel Crisp Corn,Not Available,No Name,341 ml,1.29,ea,REGULAR
20240520,7508,21384127_EA,21384127,Paper Dessert Plates 40 ,Home & Kitchen,No Name,40 ea,5.5,ea,REGULAR
20240520,7508,20316543002_EA,20316543002,Unsalted Butter,Dairy & Eggs,No Name,454 g,5.99,ea,REGULAR
20240520,7508,21406992_EA,21406992,Beach Umbrella,Not Available,No Name,1 ea,9.0,ea,SPECIAL
20240520,7508,21406992_EA,21406992,Beach Umbrella,Not Available,No Name,1 ea,9.0,ea,SPECIAL
20240520,7508,20618363_EA,20618363,Chili Powder,Not Available,No Name,150 g,2.49,ea,REGULAR
20240520,7508,21435777001_EA,21435777001,Large Size Eggs,Dairy & Eggs,No Name,30 ea,9.52,ea,REGULAR
20240520,7508,20734765_EA,20734765,Flat-Bottomed Lunch Bags ,Household Supplies,No Name,100 ea,4.49,ea,REGULAR
20240520,7508,20503300_EA,20503300,"Stuffed Breaded Chicken Breasts, Ham & Cheese",Frozen,No Name,284 g,4.79,ea,REGULAR
20240520,7508,20565353_EA,20565353,Tomato Juice,Drinks,No Name,540 ml,2.99,ea,REGULAR
20240520,7508,20096157_EA,20096157,Extra Large Clear Multi Purpose Bags,Household Supplies,No Name,50 ea,15.99,ea,REGULAR
20240520,7508,20430176_EA,20430176,Artificial Vanilla Extract,Not Available,No Name,125 ml,2.99,ea,REGULAR
20240520,7508,21178766_EA,21178766,Breaded Chicken Cutlettes Chicken Nuggets Club Size,Frozen,No Name,1810 g,10.99,ea,REGULAR
20240520,7509,21081327_EA,21081327,Beef Rawhide Bones Dog Treats,Pet Supplies,No Name,1 ea,21.99,ea,REGULAR
20240520,7509,20547831_EA,20547831,Mayonnaise,Not Available,No Name,445 ml,3.79,ea,REGULAR
20240520,7509,20161901_EA,20161901,2L Streak-Free Glass Cleaner ,Household Supplies,No Name,2 l,4.99,ea,REGULAR
20240520,7509,20347400002_EA,20347400002,Ice Milk Fudge Bars,Frozen,No Name,30x60.0 ml,10.0,ea,REGULAR
20240520,7509,21191816_EA,21191816,Seasoned Dry Roasted Peanuts,"Snacks, Chips & Candy",No Name,650 g,4.99,ea,REGULAR
20240520,7509,20647525_EA,20647525,Sweetened Dried Cranberries ,Not Available,No Name,750 g,8.99,ea,REGULAR
20240520,7509,20161576_EA,20161576,"Lemon Scent Dirt Release Powder Laundry Detergent, Club Pack",Household Supplies,No Name,14.5 kg,23.99,ea,REGULAR
20240520,7509,20047715_EA,20047715,100% Extra Virgin Olive Oil,Not Available,No Name,750 ml,11.99,ea,REGULAR
20240520,7509,20870022_EA,20870022,Loaf Pans,Household Supplies,No Name,1 ea,3.0,ea,REGULAR
20240520,7509,21406992_EA,21406992,Beach Umbrella,Not Available,No Name,1 ea,9.0,ea,SPECIAL
20240520,7509,21406992_EA,21406992,Beach Umbrella,Not Available,No Name,1 ea,9.0,ea,SPECIAL
20240520,7509,20323322_EA,20323322,"Peas, Assorted Sizes ",Not Available,No Name,398 ml,1.29,ea,REGULAR
20240520,7509,20304672001_EA,20304672001,Large Marshmallows,Not Available,No Name,400 g,2.5,ea,SPECIAL
20240520,7509,20975775_EA,20975775,Light Marble Cheddar Cheese 19% M.F.,Dairy & Eggs,No Name,700 g,9.99,ea,REGULAR
20240520,7509,20647362_EA,20647362,Pitted Prunes,Not Available,No Name,375 g,6.79,ea,REGULAR
20240520,7509,21397192_EA,21397192,"Light Cream Cheese Spread, Original",Dairy & Eggs,No Name,450 g,5.79,ea,REGULAR
20240520,7509,21376451_EA,21376451,Peppermint Herbal Tea,Drinks,No Name,36 g,2.99,ea,REGULAR
20240520,7509,20061719_EA,20061719,Macaroni & Cheese,Deli,No Name,500 g,5.0,ea,REGULAR
20240520,7509,20088698001_EA,20088698001,Medium Salsa,Not Available,No Name,430 ml,3.79,ea,REGULAR
20240520,7512,21033161_EA,21033161,Naturally Imperfect Mango,Frozen,No Name,2 kg,14.0,ea,REGULAR
20240520,7512,20317943_EA,20317943,Shredded Mozzarella Cheese,Dairy & Eggs,No Name,900 g,14.49,ea,REGULAR
20240520,7512,20119954_EA,20119954,Sweet Gherkins Pickles ,Not Available,No Name,375 ml,3.0,ea,REGULAR
20240520,7512,20079578_EA,20079578,Mushrooms Pieces & Stems,Not Available,No Name,284 ml,1.29,ea,REGULAR
20240520,7512,21455993_EA,21455993,Everything Bagel Seasoning Sour Cream Dip,Dairy & Eggs,No Name,250 g,3.19,ea,REGULAR
20240520,7512,20845425_EA,20845425,Basmati Rice,Not Available,No Name,3.63 kg,11.99,ea,REGULAR
20240520,7512,21406992_EA,21406992,Beach Umbrella,Not Available,No Name,1 ea,9.0,ea,SPECIAL
20240520,7512,21045309_EA,21045309,Salt & Pepper Chicken Wings,Frozen,No Name,908 g,13.99,ea,REGULAR
20240520,7512,20015813_EA,20015813,Crispy Southern Style Chicken,Frozen,No Name,1 kg,18.99,ea,REGULAR
20240520,7512,20671499_EA,20671499,Mandarin Orange Segments in Fruit Juice From Concentrate,Not Available,No Name,540 ml,3.99,ea,REGULAR
20240520,7512,20572093001_EA,20572093001,"Wafers, Cocoa","Snacks, Chips & Candy",No Name,175 g,1.79,ea,REGULAR
20240520,7512,21216994_EA,21216994,Cream Cheese Spread with Everything Bagel Seasoning,Dairy & Eggs,No Name,227 g,3.0,ea,REGULAR
20240520,7512,20311281_EA,20311281,Apple Juice,Drinks,No Name,1.75 l,2.99,ea,REGULAR
20240520,7512,21351315_EA,21351315,Cooler Bag,Home & Kitchen,No Name,1 ea,10.0,ea,SPECIAL
20240520,7512,20315613004_EA,20315613004,Rotini Pasta,Not Available,No Name,900 g,2.0,ea,REGULAR
20240520,7514,20179276_EA,20179276,No.4 Cone Coffee Filters,Not Available,No Name,100 ea,3.49,ea,REGULAR
20240520,7514,21045698_EA,21045698,"Honey Garlic Chicken Wings, Club Pack",Frozen,No Name,1.81 kg,21.99,ea,REGULAR
20240520,7514,20944462001_EA,20944462001,Naturally Imperfect Potatoes 15lb,Fruits & Vegetables,No Name,6804 g,6.0,ea,SPECIAL
20240520,7514,21120004_EA,21120004,Quick-Tie Regular Multi-purpose Clear Bags,Household Supplies,No Name,40 ea,7.99,ea,REGULAR
20240520,7514,20149806_EA,20149806,"Plastic Wrap, Club Size 305m",Household Supplies,No Name,1 ea,10.99,ea,REGULAR
20240520,7514,20304664_EA,20304664,Light 5% M.F. Sour Cream ,Dairy & Eggs,No Name,250 ml,2.19,ea,REGULAR
20240520,7514,20971992_EA,20971992,Lime Juice,Drinks,No Name,445 ml,2.49,ea,REGULAR
20240520,7514,20012421_EA,20012421,Malt Vinegar,Not Available,No Name,500 ml,1.69,ea,REGULAR
20240520,7514,20647009_EA,20647009,Sultana Raisins,Not Available,No Name,750 g,8.49,ea,REGULAR
20240520,7514,20155030_EA,20155030,"Bologna, Thick",Deli,No Name,500 g,5.0,ea,REGULAR
20240520,7514,21406992_EA,21406992,Beach Umbrella,Not Available,No Name,1 ea,12.0,ea,SPECIAL
20240520,7514,21045668_EA,21045668,Buffalo Chicken Wings,Frozen,No Name,908 g,13.99,ea,REGULAR
20240520,7514,21045668_EA,21045668,Buffalo Chicken Wings,Frozen,No Name,908 g,13.99,ea,REGULAR
20240520,7514,20298374_EA,20298374,Large Zipper Freezer Bags,Household Supplies,No Name,30 ea,5.99,ea,REGULAR
20240520,7514,20299886003_EA,20299886003,Garlic Pasta Sauce,Not Available,No Name,680 ml,1.79,ea,REGULAR
20240520,7514,21037550_EA,21037550,Scented Dual Action Odour Control Scoopable Clumping Cat Litter ,Not Available,No Name,7 kg,9.99,ea,REGULAR
20240520,7514,20132206_EA,20132206,Margarine Spread,Dairy & Eggs,No Name,454 g,2.79,ea,REGULAR
20240520,7514,20870423_EA,20870423,"Electric Burner Liners, Large",Household Supplies,No Name,6 ea,3.5,ea,REGULAR
20240520,7514,20870641_EA,20870641,Freezer Containers with Lids,Household Supplies,No Name,1 ea,5.0,ea,REGULAR
20240520,7514,20312260_EA,20312260,Green Peas,Frozen,No Name,750 g,2.59,ea,REGULAR
20240520,7515,20179276_EA,20179276,No.4 Cone Coffee Filters,Not Available,No Name,100 ea,3.49,ea,REGULAR
20240520,7515,21375917_EA,21375917,"Parchment Paper, 10-metre",Household Supplies,No Name,10 ea,3.5,ea,REGULAR
20240520,7515,21540283_EA,21540283,Detergent Dirt Release Cold Water,Household Supplies,No Name,4.43 l,10.49,ea,REGULAR
20240520,7515,20628489002_EA,20628489002,Italian Dressing,Not Available,No Name,475 ml,2.79,ea,REGULAR
20240520,7515,20162036_EA,20162036,Yellow Mustard,Not Available,No Name,400 ml,1.29,ea,REGULAR
20240520,7515,20628489001_EA,20628489001,Caesar Dressing,Not Available,No Name,475 ml,2.79,ea,REGULAR
20240520,7515,20022248_EA,20022248,All-Purpose Flour,Not Available,No Name,10 kg,11.99,ea,REGULAR
20240520,7515,21509829_EA,21509829,Hot Dog Buns,Bakery,No Name,516 g,2.5,ea,SPECIAL
20240520,7515,20155030_EA,20155030,"Bologna, Thick",Deli,No Name,500 g,5.0,ea,REGULAR
20240520,7515,21406992_EA,21406992,Beach Umbrella,Not Available,No Name,1 ea,9.0,ea,SPECIAL
20240520,7515,21406992_EA,21406992,Beach Umbrella,Not Available,No Name,1 ea,9.0,ea,SPECIAL
20240520,7515,20301273_EA,20301273,Broken Mandarin Orange Segments in Light Syrup,Not Available,No Name,284 ml,1.29,ea,REGULAR
20240520,7515,20521648_EA,20521648,Flaked Light Tuna,Not Available,No Name,170 g,1.29,ea,REGULAR
20240520,7515,20296985002_EA,20296985002,Crunchy Peanut Butter,Not Available,No Name,1 kg,4.89,ea,REGULAR
20240520,7515,20314839005_EA,20314839005,Slow-Cooked Beans In Tomato Sauce,Not Available,No Name,398 ml,0.99,ea,SPECIAL
20240520,7515,20316402_EA,20316402,"Rubber Gloves, Small",Household Supplies,No Name,1 ea,2.0,ea,REGULAR
20240520,7515,21360096_EA,21360096,Rich & Chunky Beef Soup,Not Available,No Name,540 ml,2.49,ea,SPECIAL
20240520,7515,20628489003_EA,20628489003,Ranch Dressing,Not Available,No Name,475 ml,2.79,ea,REGULAR
20240520,7515,21540823_EA,21540823,Chewy Chocolate Chip Granola Bars,"Snacks, Chips & Candy",No Name,120 g,1.99,ea,REGULAR
20240520,7518,20047452_EA,20047452,No.2 Cone Coffee Filters,Not Available,No Name,100 ea,3.49,ea,REGULAR
20240520,7518,20035322_EA,20035322,Tomato Sauce,Not Available,No Name,398 ml,1.69,ea,REGULAR
20240520,7518,20552134003_EA,20552134003,Concentrated Grape Punch,Frozen,No Name,283 ml,1.39,ea,REGULAR
20240520,7518,20158935_EA,20158935,Sweet and Tender Small Peas,Not Available,No Name,284 ml,1.49,ea,REGULAR
20240520,7518,20339076_EA,20339076,Original Trail Mix,"Snacks, Chips & Candy",No Name,1 kg,10.99,ea,REGULAR
20240520,7518,20105565_EA,20105565,Unsweetened Pineapple Juice,Drinks,No Name,1.36 l,3.99,ea,REGULAR
20240520,7518,20050959_EA,20050959,Maraschino Cherries With Syrup,Not Available,No Name,375 ml,4.49,ea,REGULAR
20240520,7518,20163065001_EA,20163065001,"3-Flavour Mix Cat Food, Chicken, Turkey & Seafood",Pet Supplies,No Name,4 kg,13.49,ea,REGULAR
20240520,7518,21108326_EA,21108326,Zipper Snack Bags,Household Supplies,No Name,80 ea,3.0,ea,REGULAR
20240520,7518,20647008_EA,20647008,Pitted Prunes,Not Available,No Name,750 g,11.99,ea,REGULAR
20240520,7518,20322093001_EA,20322093001,Original Waffles,Frozen,No Name,1680 g,12.49,ea,REGULAR
20240520,7518,20618367_EA,20618367,Ground Ginger,Not Available,No Name,100 g,2.49,ea,REGULAR
20240520,7518,21406992_EA,21406992,Beach Umbrella,Not Available,No Name,1 ea,12.0,ea,SPECIAL
20240520,7518,21406992_EA,21406992,Beach Umbrella,Not Available,No Name,1 ea,12.0,ea,SPECIAL
20240520,7518,20618882_EA,20618882,Clingstone Peach Halves in Light Syrup    ,Not Available,No Name,796 ml,3.49,ea,REGULAR
20240520,7518,20323647_EA,20323647,Whole Green Beans,Frozen,No Name,750 g,2.59,ea,REGULAR
20240520,7518,21120000_EA,21120000,"Aluminum Foil, Club Pack",Household Supplies,No Name,1 ea,21.99,ea,REGULAR
20240520,7518,20867064_EA,20867064,Pot Pie Pans with Lids,Household Supplies,No Name,1 ea,4.0,ea,REGULAR
20240520,7518,20097482001_EA,20097482001,Spicy Thai Chili Flaked Light Tuna,Not Available,No Name,85 g,1.29,ea,REGULAR
20240520,7518,20026331_EA,20026331,Soup Mix Chicken Noodle,Not Available,No Name,4x83.0 g,2.49,ea,REGULAR
20240520,7518,20030317_EA,20030317,Sweet Pickled Onions,Not Available,No Name,375 ml,3.0,ea,REGULAR
